-2459
-4812
-314
-1110
-4803
-1112
-4350
-3065
-4893
-2603
-4767
-4117
-4189
118
-4766
-130
-1997
-1780
-3732
-724
-4011
-4447
317
-3348
-3125
-462
-160
-3887
-4810
-427
-1789
-2791
-4350
-4237
-4279
-1630
-824
23
-4273
-3288
-3097
-379
-263
-4899
495
-1837
-2049
-3417
-7
-4769
-3823
421
-4901
-802
-2609
442
-4467
53
-1652
-1973
482
-4038
-743
-863
-3909
-1303
-1756
-4404
-1394
-3738
-715
-3320
-2929
-634
-4537
-4570
-4744
152
-4125
-2397
-2807
-4103
175
-128
-157
-1141
-4524
-3177
-299
-357
-196
-1021
-1684
-1151
-1984
-357
-462
-1750
-3949
-2888
-3522
-873
-625
-960
-3433
63
-4182
-3642
-4887
-3936
-4881
-2321
-1828
-765
-3085
-3110
-3323
-1538
-4027
-664
-4434
-2901
-1111
-2765
-4076
12
469
110
-2457
-2921
-1570
-2270
-3572
-2723
-4359
-4394
-1894
-123
-167
-2640
-4667
-801
-4814
282
-4591
173
-4547
-4436
-2531
285
-1414
-4522
-376
-2196
292
-4572
-925
-3837
-2219
-2437
-115
-120
-1213
274
-3191
-1317
-2007
-374
-1839
-783
-1086
-4605
-2647
-1385
-372
-765
-3985
133
-2648
-2356
-3622
-2063
-648
-2598
-1501
-270
-3786
-1431
-2572
95
321
-4998
-2788
-3505
208
-23
-1553
-1174
191
-4400
-791
-2945
-2167
-4173
-1825
-1398
298
-571
-762
-3507
105
-2865
-4146
-4337
-627
-2133
-2736
-2142
-2485
286
-4232
-3860
-1903
-1757
-35
-1426
-2991
-3395
-2515
-648
-4925
-4580
-1087
-4699
-2849
-4857
-1705
-30
-3935
-2679
-2525
-373
-2913
-4689
-102
-4861
138
-1143
-1740
-4215
-4785
-4757
183
-3081
-3613
-2291
-1430
-4833
-4065
-989
-333
-4365
-599
-2820
-622
-3557
-4615
-2350
-4918
498
309
-4506
-2104
352
182
-2308
-942
-695
-1113
-983
-2515
-4244
-2777
-381
-3518
-1603
-560
-2512
-1551
-528
-1648
343
-3124
177
-30
-4378
-4014
-716
-2169
-354
-1331
-848
380
-416
-1486
-2943
-2313
-3895
-3528
-4905
-2260
-1536
-25
-2658
-3170
-4765
-2297
-1842
-1311
-575
-1401
-2895
-632
-8
-3470
-2772
-926
-2596
-3746
-3404
-2985
-4510
-2390
-3906
-3940
-2291
-2080
-32
-2151
-4900
-2995
-3243
89
-985
-4320
-3614
-3958
396
-2008
424
-2856
-3845
-193
-606
-4714
-3268
-3765
-3603
-3898
-4239
-234
-3623
-665
-4373
-2283
-3380
-3586
-2118
-2755
-4901
-4006
135
-720
-2576
-1677
-1388
-431
-1192
-3704
-2830
-4766
-4037
-3653
-3941
-4382
-295
45
-1409
-1029
-2288
-84
-314
-3163
44
-1702
-2724
-3279
-2702
-1270
-4211
-4516
-2893
-1758
-3092
-307
-2333
-1426
-1715
-395
-2239
-2526
-806
-1414
-3992
426
-2073
485
-2183
-3470
425
-3359
-159
-964
-94
-4958
-4376
165
-412
-3299
-2929
-1655
-133
-4683
-4813
-2191
126
-4843
-3657
-26
-2413
-86
-4081
-1655
-282
274
-2898
-3687
-2356
-2291
-1715
-4909
-784
-4859
-841
-1268
-1047
-1949
-3085
-3501
-4421
-4931
-1373
421
-3242
-31
-2241
-1517
484
313
-4239
-2548
-3252
-2944
-4919
-2198
-1248
-3035
-3117
-2773
-1654
-3384
-2734
-3299
-1292
-3259
-1619
-2449
467
-2471
-374
-4481
-2948
-4448
-2425
-3481
-2501
324
-3519
-3954
-4179
-1365
-1225
-3948
-2674
-1095
-4103
-1419
-1703
-4032
-1488
-1227
445
-2213
-1837
-1674
127
-2944
-2382
-2695
-3159
-3605
-3755
-2184
-3277
-4829
-4707
-1572
-3210
-3073
-3802
-4882
-4346
-4805
-3237
-1618
-3931
178
-3090
-3297
-4014
-3810
-2766
-4732
-4972
-187
-2332
-308
-2933
-2884
-4413
-3721
-4463
-4722
-2445
-1254
-586
-3491
424
-3539
-4960
-3532
-4406
18
280
-53
-3398
-268
-2497
-3146
-3728
-4028
-4858
-771
-4070
-1480
-650
-2793
-4511
-4608
-4376
-1604
-1681
-3625
-138
-4223
-1770
-312
-117
1
-1422
-2389
-1786
-756
-4701
-4505
-592
-3880
-820
-842
-101
-2522
229
-3404
-2653
-4582
-1791
-29
-3566
-3985
-1293
-4316
-1037
-3921
-2982
-4388
-199
-930
-2536
-1586
-4287
-1195
-3151
100
-2119
-1279
-3143
-2548
-1347
-1933
-1598
-4097
-1822
301
-3787
-980
-4267
-2303
-603
-1113
-819
-3152
145
-3457
212
-2830
-91
-1111
-1910
-4641
-607
-2026
-1261
-1048
-4216
-4779
-2078
-758
-4364
-1940
-3719
-2958
-423
-3624
-3977
-41
-4899
117
-3211
-1154
-4464
-2739
-2974
-531
-4774
-1121
-3474
-1979
-4926
-2270
-2137
-3683
-3387
-1517
-3879
-4962
-4101
-3044
-4105
215
-2759
342
-1840
117
-1340
-1773
-1515
-1614
-499
-4246
-4835
-4765
-4792
-4066
-3723
386
-1567
-2043
-4021
-4173
-3391
-3385
-1935
-1596
-4997
441
-4166
-981
-2833
-3807
-2422
-415
-3779
-1233
-1645
-2600
-1157
-907
-4357
26
-3555
-3230
-1492
-377
363
61
-1390
-2730
-714
-1640
-1527
-2814
-1379
-3017
-1854
-2363
-2015
-3223
-1048
-4737
-863
-811
-1584
-309
44
-803
-1229
-3259
-4413
-176
-3497
301
-1924
-136
-2702
-2242
-4955
-1909
218
-2455
-2894
-2169
-4060
-548
-4642
-1376
-3318
-1750
-4002
-3857
-16
-1354
-2559
-4611
394
-1413
-3847
268
-4188
-1159
-1934
-3476
222
-999
-840
-124
-1623
-3601
-2997
-2848
-2580
-640
-3490
-2278
-3881
-1352
-2462
-1705
-799
116
-303
-2219
-903
-1911
-3224
-4519
326
-4318
498
-3947
490
-1170
-3877
-4079
-1344
-2313
-321
-3422
-1039
-2752
-1330
-3883
-4774
-1872
-1185
-3110
-4983
-2472
-23
-61
-3943
-4542
-2205
-1077
-2378
-4630
-3626
-4067
-2769
-3229
-4083
-4126
-2808
-409
-4158
-3036
-650
-3244
-4103
-1541
-3840
-3713
-1222
-666
-678
-4331
-2577
-3738
51
-2049
262
-238
-2241
-2937
-830
-4301
31
-1130
-4531
-2480
-4454
-1788
-1066
311
-1208
-2725
-1931
-441
-1144
-3231
-3791
-446
-2231
-1534
-3319
-841
-3393
-3185
-2108
-4664
-4258
-187
-3130
-4859
-3316
-4661
-1780
-1860
-3091
-1681
-2982
-1660
-168
286
-2257
-2367
-1906
297
-4486
-416
-4248
-4652
-4989
-2024
-1997
-2612
-195
-3415
-2421
-583
-3442
280
-2694
-4850
-2994
383
-4469
-3918
-4539
-4857
-1785
10
-3911
-2524
-4349
-576
-1773
-3831
-1000
-4904
-4666
-2292
-1287
-1429
-1239
-324
-3707
-63
-2889
-2251
-698
-2156
-1492
-3245
-2836
-2440
-3163
-1334
-4044
-2345
-767
-3428
124
-4151
-3617
-4205
-3742
-1235
-74
-3837
-4900
-1305
-751
-2333
-4171
-4221
-2978
-2181
-4915
-1125
-4175
-249
414
-2011
-2641
-1521
-371
-2284
-2350
-4171
-2588
-3183
-4180
-564
469
-853
-3532
-4109
-799
-1525
-2223
-3489
-2320
-73
-1083
123
-2704
25
-122
-2004
-3537
-1307
-3167
-3592
-2593
-1320
-4097
-1978
-1004
-3209
-1608
-3115
-3940
430
-755
-1299
-810
-744
-1277
-2355
-3490
-4929
-2607
-1796
317
-1829
-3904
-3467
-4355
-362
-1145
-315
-1065
-2531
-2243
-1700
112
-4949
-544
-3489
-4845
-4660
-1207
-122
-1453
162
143
-2310
-3395
-586
-4075
-2640
-2590
-1350
-1129
-3652
-4297
-4175
-3111
-3979
-4172
-946
-262
-2708
-1545
-4758
-301
-4341
365
-2398
-1048
-1322
-4890
-1557
-4800
-4800
-464
-1316
-1098
-4563
-773
-4972
-565
-4807
-4795
-3192
-3594
-1722
81
-2916
-4520
-3765
-106
-3515
-4115
-241
-2650
-3270
-1113
-959
-271
447
-2928
-2966
-1599
-3412
-2839
-2311
-3772
-3797
-2737
-3223
-952
-4649
-4215
-1819
153
-3956
-1400
-4392
-2395
-3795
136
-1534
-3850
-3336
-4684
-941
-2841
-2623
-4721
-1768
-1366
-4991
-1959
-39
-287
-883
-1509
-2117
11
-3877
-4403
-2747
-3938
-2476
148
-2909
-3467
-1628
-765
-1828
-4530
-2014
-507
-2085
-4413
-3622
-2436
-144
346
-3491
-667
487
-233
-2412
-605
-1440
-2822
-4757
-1500
-2984
-1167
-4117
-802
-3976
-3678
453
-3641
-300
-4372
-387
-2270
-1243
-4894
-810
-3994
-349
-2100
-2459
-4116
-2587
-2770
-2084
-4748
-3563
120
494
50
-3746
28
-3516
-2623
-770
-3227
-541
-4855
-631
-3501
-1242
-4190
-249
-1726
-96
-124
-4529
-2192
-1307
-1617
-2210
-4653
-4
-897
-55
-1045
-2767
-3206
-636
-1548
-3999
78
-612
-3641
-394
-4211
-3274
-1949
-3655
-4752
-1406
-4990
-1243
-4383
-3059
-3049
-714
-991
-3095
-3209
-2237
-2512
-2968
-3274
-4711
-4618
188
-4214
-2702
185
-3923
-4505
-2461
-1309
221
-831
-3837
-2256
-4946
-2890
352
-3275
14
-3843
-3551
-2668
-2486
-61
-1370
-3079
-1628
-3200
-2451
145
-4579
-774
487
-2531
-2156
-460
-3682
-3657
-335
-1826
-3800
-2887
380
-1341
-4353
-2008
-2285
267
-4447
-1209
-2180
325
-1528
-3765
133
-2216
-3646
-701
-1943
-3759
-2564
19
-1972
-983
-2892
-4741
-3330
-2602
-1823
-1636
-501
394
-3297
-1620
-4117
460
-3739
-2389
-2932
-4615
-2272
-4908
-111
234
-3476
121
-1386
-998
-1080
-2536
-2702
-4709
-591
-4468
-3527
-2753
-4713
-883
-4564
-179
-2527
-2550
-1205
-734
-4107
-1975
-145
-605
-2515
-3464
-3571
-4203
-4648
-3938
-3678
-4003
-1044
-2418
-4360
-2504
-1368
-2414
-1037
-2905
-2559
-489
-4999
452
-1236
-3036
-4684
-2826
-127
155
-4106
136
-859
-3546
-4170
-3599
-4497
-799
-1691
-3244
248
-4127
183
106
-1314
-1478
-1674
-40
-1270
-148
221
-3334
-659
-4805
211
-838
-2672
-4377
-1380
-4580
-3912
-2208
-4936
-793
-2276
-4005
-1265
-4549
-4045
-1657
-2158
-4812
136
-2775
-800
-3363
-3804
-129
-2729
-1309
-4310
-623
-3694
-4696
-3786
-2010
-4224
322
-1401
-574
282
-2658
187
-3695
-411
-4912
-1978
-3328
-3842
-4977
-237
-724
-4722
-2880
-4184
-2620
-1991
-111
-4882
-2449
-3678
-4735
-2973
-4927
-4049
-309
-2564
-3768
-3801
-470
-1168
-829
-3132
-4670
-1681
-4382
-3972
-388
-406
-1201
275
-4964
-548
-1790
487
-4193
-39
116
-2338
455
-4479
-4593
-2284
-3780
-3009
-1555
-2445
-2931
-4499
-3963
-2861
-4604
-4386
-4678
-3185
-1465
-2989
-916
-3093
-66
-4541
-1816
-550
-3029
-1996
-2588
-2951
215
-1363
-1680
-1398
-1955
-1960
-2177
453
-1567
95
-3225
-654
-3601
-267
-3814
-2276
424
-4950
-1377
-2137
-3931
-4844
-4456
-689
-1414
-1171
-3022
-4737
447
-2092
-363
-2684
-4385
-232
-3989
-1366
-3846
-951
-4795
218
-1144
-1375
-2630
-3880
-1693
-1357
-4760
-4890
-4286
18
-3828
-1853
-1333
-3648
-768
-3767
-1672
-3708
98
358
-235
-4433
-3381
492
-2982
-866
-621
-2675
-200
-960
-1316
-3001
-4806
408
-4211
-4674
-2685
-3894
-4721
-2242
-504
-2683
-1423
-2656
-3870
-3478
-3401
-2150
-2720
-4380
-175
-563
-814
-1468
-4319
315
-4508
-2066
-1249
-1353
-4248
359
-1692
-2465
-3854
-1602
-1035
-1983
-2371
-1176
-4506
-1355
-4172
-4653
-3926
-4567
-2988
257
-3880
-1857
-4117
-4107
-1225
-3719
-2171
-1970
-2385
-4087
165
-4998
-4796
-1199
-3245
-1483
-4291
-196
-1660
-4844
-3116
-2973
72
-1374
-1896
-1872
-2663
-2237
-4064
-255
-1861
-2215
-2941
-1769
-2517
-881
-1969
-626
-3035
-317
-4080
-320
-941
-4882
-3381
-564
-3922
-4590
-1289
-1451
-2355
-4660
166
-1228
-66
271
-281
-3716
-2470
-2723
-4787
406
-847
282
-50
-1663
-2630
-3372
-887
74
-17
431
348
-4303
-4698
-583
-4198
-1977
-2219
-498
-3468
-1271
-3669
-396
-1054
-2744
-826
-4907
-841
-3359
-4613
-3529
-1042
-716
-1504
-1755
-5000
-4345
-653
-4372
-4711
-1844
-2797
-4048
-1887
-4408
-1273
-714
-1635
-614
-1520
297
-1620
-1349
312
359
-1115
-269
-568
381
-2356
-1293
-1275
-1181
-835
126
-3159
-2874
-3450
-2429
-846
-4135
303
-4102
-3759
-4642
-1522
-4668
-759
-2423
-1522
-4490
-4341
-414
-4104
-254
-1571
215
-542
-3769
-2067
-103
-1701
261
-486
-482
-2247
-2864
216
-4493
-295
-1204
-1383
-1439
-2921
-542
-64
-1401
-888
-318
-957
-822
-747
191
-372
-4554
-4839
-984
-424
-3904
34
-2379
-2270
-1947
-4672
-3054
-533
-632
-235
-1202
-4679
-4477
-3518
-3596
-4799
-4905
-1908
313
-4735
-430
-3845
-2765
-4460
116
-3402
-681
-2578
-4805
-2756
-2456
-3800
-1125
-4523
-290
130
-3610
-4895
-677
-4786
-3710
-3934
-759
-3928
-2108
-370
-2153
-27
433
-4664
-1267
-325
-1049
-3572
-1169
-305
-3129
-2447
-1508
-1398
-4421
-1983
-648
-803
-2436
-283
-2978
354
-4858
-1104
-598
-2052
-1277
-2664
-318
194
-1416
-2080
209
-2666
-4631
-4743
-4057
-2505
-4442
-3282
-3083
257
94
35
-4008
-4368
-661
-1639
-2960
-2979
-1564
-3519
-2495
87
-249
451
-3304
-111
-1682
470
-4485
-1888
-2242
-3508
-653
-1907
-4563
-1176
-2067
-1845
-3211
485
-1066
-251
-1749
-3467
-817
-1388
275
-758
-3715
-2331
-96
-3094
-1494
-453
-1714
-3175
-2837
-1492
252
-4994
-2408
-859
-3780
-1415
-2006
-4528
459
-585
-4208
382
-1046
-3988
-1013
-1524
375
-1885
393
-2308
-2827
-87
-159
-519
-4864
-3602
-3456
-1031
-862
209
-429
-1048
-3181
-775
-85
-3199
-205
-3933
-671
-3758
-994
-440
-3003
-3267
-2381
-1784
-3929
-4478
-3622
-3636
-2050
-1212
-4643
-1260
-4210
-2256
-3591
-4745
-3811
-4211
-1114
-3642
-595
-2348
-3390
-4565
-4014
-179
-1440
-1535
-4688
-2693
-4096
-3791
-1361
-43
-776
-2836
-1441
-238
-4447
-446
-1850
-2803
-3978
-1751
-990
-4381
-1939
-125
-94
-3215
-3665
-3565
-4105
-374
211
-4344
-4862
-2912
465
31
129
466
-536
-1308
-2682
-3584
298
-800
-535
496
-1705
-3879
-3550
-1958
-2534
-4417
-1949
-4661
-2709
-1918
-1520
-2817
-4666
-4953
-4481
-1008
-3194
-3184
-4725
-1304
-4895
-3535
-4900
-4824
-3744
-146
-1249
-1051
-1227
-1363
-324
-686
-4220
91
-3319
-4007
-2656
-2849
-4722
-4998
-4190
-1201
-40
-1569
-2561
-1930
-1215
-175
-1640
-2477
-226
-4307
-2205
-3974
-3821
-2620
-862
-1845
-768
-244
-2091
237
-4529
-1481
-4980
-3530
-3221
-1222
290
-4869
-3036
-739
-3284
-4410
-1076
-472
-1047
-1353
-3316
-2307
-390
-313
-4018
-4692
-2063
-4784
-4172
-1103
-3517
-4036
-2452
154
-28
-1459
-1219
-1952
-1997
242
-3084
-461
-1048
-3578
-1380
-3568
-2911
-573
-377
-4885
-486
-506
-2919
-2968
-1965
-2005
-2637
-3097
3
-1517
-2625
-4544
-1697
-4516
-2707
-386
-1275
-3220
51
127
-2541
-1942
-3983
-2548
402
-2310
-3550
168
-3407
-4381
-4043
-2965
-380
-4206
-2231
-3732
-4493
-3160
-2698
-3076
-4321
-1003
-2100
-378
-2620
-1699
-1362
-443
-622
-654
-110
-4703
-430
-2818
132
-4093
-308
-3502
-419
-1578
-1513
-1912
-2975
-1520
-3901
-777
-2908
-3578
-2275
-2094
-4333
-4888
66
-1015
-3218
-1825
66
-2286
-942
-3133
-4362
-1527
-2845
-4150
-4403
-4314
-2272
-484
108
-3967
-4674
-4771
26
-3029
-1063
-463
-4605
-3238
-220
-4464
-1403
-1971
-3466
-2600
-3091
-1140
-2928
-3475
-3041
-2449
-1170
-3825
-558
-4089
-2760
-254
-2541
-3376
-801
-294
-1611
-3108
370
-4618
-1807
-4199
-2058
-2158
-2028
-1653
145
341
-1271
-2416
-3952
-3850
-512
-3070
-173
-4700
-4484
-160
-3927
-3374
-1837
-2935
-4379
-4489
-1246
-516
-4683
-3762
-4770
-3818
-3253
-1809
-1227
-4997
-3047
-3211
-1833
-3111
-2483
-3343
-4386
-308
-2666
-3286
212
-11
-3782
-1447
-1036
-2443
-2274
-2664
-829
-2176
-1625
-2793
-429
-1228
-4522
-4646
-4835
-2831
-4241
-3821
-4232
-1485
17
-79
-2531
-3691
-4726
-2649
-1738
-2765
-4876
-1965
287
-4733
-2977
-1949
-2367
-102
-2
-404
-1462
-3528
-159
-168
67
-4495
-234
-3756
-1218
-1471
-2337
-532
-4360
-3049
-4591
-4781
-1564
-758
-2006
-2936
-3925
-4475
-3925
-2058
-36
-4000
-3308
-4121
-4825
-3616
-2389
-1558
-4385
-904
-1587
-2561
-1194
-3551
-2736
-2943
-2136
-4367
-1710
-517
-4525
-2615
-546
422
62
-3240
-261
-4409
-1594
-954
-1322
-2416
-3910
-432
-3505
-1767
-2415
-3877
-969
-4615
-1858
-984
-241
-2252
-392
-2298
-3984
-3353
14
-1244
-602
-4053
-4380
-3168
-4019
-3348
-3092
-2796
-3907
-808
158
-2708
-3496
-4962
-931
-4029
-4744
-216
-1153
-4188
-3976
-2289
-4122
-4314
-2429
-52
-324
-4716
30
-2759
-27
-840
-3104
-4614
-1956
-1989
-2209
-4818
-3568
-1823
334
417
-2044
-781
-2009
-3692
-3840
-2930
-4220
-2024
-4998
-4863
-909
-2560
-1624
-3815
-4679
-152
-3482
-3917
-2235
-4457
-4435
-1369
-1851
-972
-2642
-2312
-3029
-795
-4048
480
76
443
-2541
-1895
-1382
-3961
-2285
-3975
-3046
-3
-2614
-1661
-3952
-2847
-1291
-2039
-1685
-3585
-1283
-1313
-216
-4642
-594
-4206
-2965
-2727
-1102
-3414
-2715
-2146
-164
-4393
-3364
47
-1506
-1758
-3929
-2184
-144
-843
-3216
-3752
497
-4359
-133
-2933
279
-1709
-4915
-2166
-1
-4053
-2161
-3711
-3867
-2788
-4776
-4636
-710
-171
-1005
-2523
-2166
-4787
-4143
-1637
-3
-895
-1856
-3537
-4317
-4084
-2333
-1128
-381
-2233
-241
-666
-3963
-2848
-528
-662
-3706
-1648
-2731
247
-1249
-2814
-593
-3022
-3834
-2301
-1926
-4729
-604
-42
-1208
-3403
-2898
-2359
-4227
-531
-1759
-2236
-1505
-336
-1681
-66
-339
-32
-38
-3022
-1900
-1155
-2003
-3016
-606
-4676
-3658
-20
-1359
-3468
428
-1020
-4825
-3473
-4005
332
-4935
-3540
476
-2007
-4558
-451
-1624
-199
-2545
-2270
-196
303
-2596
-2936
-4074
-87
-3372
-1682
-1368
-3893
-4493
-4824
-4288
-1053
-2737
245
107
-2835
-1408
-2251
-2269
-3371
-1150
-2872
-4792
-4287
-206
-3232
-3875
-4448
-3444
-4935
-3480
-3355
-3076
-4340
-1439
-1268
-975
-4026
-1117
-4485
-2817
-3952
-3991
-3633
-1186
-440
-3648
-1408
-2460
-1116
-3418
-1683
-2768
-4581
-2130
264
-3910
-2811
-3925
279
-2429
-2291
-2451
-4209
-1069
-4803
-3192
-3651
177
-2656
-63
-4291
-3735
-1558
-507
-2849
-4955
-3732
-2542
-3338
-767
-4965
95
-2416
-4411
-875
-1431
-2465
-2818
-3093
-2920
-1306
-533
-2740
-1189
-266
-1225
-4876
-2217
-817
-2090
-1755
-1522
-1302
-2236
-4072
-3412
-1399
-1713
145
-3905
-163
-2164
-3233
-2557
-1060
-1547
-1227
-3348
-2538
-2486
-60
342
-4772
-3444
-496
-396
-1703
-1305
-3445
340
-1285
-76
-465
-3513
-3225
-4926
-4922
-4455
249
-209
474
-861
-3586
-1101
-4883
-86
-4812
-257
-2903
-1602
-160
-3808
409
-4171
-1536
-872
-2444
-2110
-2954
-3485
-4137
-4095
-4778
-1097
-4981
-4378
-4143
-1554
-2865
-3996
-4913
-628
-3596
-4122
-16
-1868
-4928
436
-144
-4954
-1803
401
-42
-991
-3016
-1575
-3256
-3795
-3542
-4173
-3710
-87
-1059
-4536
-665
287
-1193
-1728
-2837
-1908
-3177
-1271
-2813
384
-3175
-1292
-556
-1724
-1252
-4982
-3542
-2786
33
-2889
-1994
367
-2862
-4394
357
-3595
-1943
-1826
297
-2645
-4364
-479
-812
-630
-1890
-224
-4650
-1863
-2218
-2389
-1233
-2997
-4427
-3890
230
-4120
-3836
-2389
-2636
-1452
-3426
-4899
-1558
-2811
-1212
-3853
-667
-4654
-4713
-3142
-1823
-3209
367
-4287
-1892
-1921
-3431
-4287
-3263
-4278
-1918
-706
-1749
394
-2122
-4982
-4021
-974
-2710
-740
-2100
-1689
-3777
-845
-2095
-1449
-2341
-1150
-3892
-4852
-4769
-4842
-4932
-2136
-2773
-4594
-2361
-4256
-937
-1089
-1177
436
-1455
-3422
-4557
-41
-1758
-701
-3929
-4483
-4626
-4217
-2993
-4658
-1267
-2327
-3732
-1993
-3198
-3910
-4941
-1916
-3768
-4193
-1940
-4830
-1089
-3001
-3242
-1922
394
-4033
-4486
33
-2519
-4737
-4209
-990
-4384
-1263
-2577
-3852
-2650
207
-1150
-293
-3281
-587
202
-601
-3426
434
-2295
-112
-1939
-861
-1740
-1703
-1328
-4334
-1925
-3185
-3612
90
-518
-4807
-1578
-3609
-4543
-4592
-571
-3007
-2757
-635
26
-684
-3167
400
-138
-4911
-2249
-2028
-1809
-1744
-136
-2582
-2430
-2493
-83
-4727
-1233
371
-4469
-4985
-595
-1511
-1777
-3295
153
-4783
-101
-699
-4265
-4650
-3544
-165
-1667
-769
-4010
-466
-2345
-2547
-4136
-4545
424
-2197
-3065
-1210
-4924
-3612
-3648
-1203
-2479
-6
-3344
-690
-3684
-870
-75
-2907
-412
-1211
-2176
-2013
-3780
-3014
-2271
-3357
-2330
-4653
-409
-2020
-2602
-3184
-2001
247
-220
-2853
-4509
-65
-3916
-2383
-318
-2694
-3797
-1869
-1802
-3262
-544
-2222
-1637
-1868
270
-4831
-2776
-1215
-3108
-3511
-2591
-4319
-1032
-3603
-1030
-4380
199
-1828
99
-2965
-742
-4986
-2820
-208
-2878
-1962
-2335
-1286
-3524
-1073
-324
-1012
-1179
-2743
-823
-2341
-4180
-1295
338
-733
-113
-1095
295
-4015
-3588
-4456
-1490
-1187
-2021
-2252
156
-1042
-819
38
-903
211
156
-1135
-1896
-1962
-3923
-634
-2093
-869
-2674
-2698
-4929
-707
-224
-4260
-2599
-4632
-920
-3056
-1474
-3561
-4194
128
-3111
-3841
-4093
-1905
-4424
-2384
429
-3194
-3669
-2270
-297
-4765
37
-1024
108
-1018
-4234
-518
-377
-1388
-3662
-2682
116
-555
-31
-4512
177
-4762
-1769
-2831
-169
-240
-1825
-921
-2767
-3454
103
-3074
-4825
-1714
-3266
-1306
-1719
-3814
-4571
-4148
-1601
-2484
468
-1186
-1020
205
-329
-444
-4404
-3690
-1103
-2060
-1775
-4929
-1481
-2561
-3624
-1894
-869
-4478
-3549
-2149
-1534
-3053
-3917
-571
197
101
-2103
-2308
286
-1803
-336
-1783
-3813
476
-1901
-4763
-307
-2077
-1340
-2926
-224
-634
-3323
-4373
-2670
-4388
-4887
-1991
-4864
-1575
-3301
-1343
-1668
-1306
-1153
-2188
-212
-3017
-2301
-4027
-4435
-197
-3877
-4971
-3698
-3547
-851
-596
-1946
-3904
-440
-730
304
-270
-145
-3333
428
-1245
-1283
-3289
-4241
-4644
-3349
-4592
-2116
-4107
-786
-3605
-3872
-2223
-1550
-2675
-771
-4666
-2195
-4693
-2945
-3862
-86
-2848
-2034
-629
-2212
-2843
-2515
-3052
-4568
490
-1659
-4517
-960
-1823
-51
-286
-4885
-660
-4566
-2873
127
-3626
-157
-2614
204
-3580
-1602
-2637
-2916
-841
-2096
-1159
-1495
-2999
-2537
-3539
-606
-4949
-1744
-760
-162
265
-4550
-3120
-2383
-4987
377
-1321
399
-3332
-491
-273
-1910
-1013
-103
-468
268
-3529
-3254
-2602
-1885
417
-4223
-1233
-535
-2011
-4985
-3276
-4701
-2338
-1617
-2896
-4987
-1553
-4209
-2232
-1782
-3189
-1644
-2887
-4158
-3462
-4074
379
-2652
-4464
-2201
-3244
-3325
-837
-4667
-740
475
-4771
-3067
-3326
-327
-4513
-243
-182
-3688
-3146
-2560
-3977
-1368
-1341
-4631
-2640
-1186
-388
-120
-2564
-4651
-1942
-2191
-2684
-3684
-1602
446
-4139
-1129
-3553
-4786
-3681
-728
354
-4171
-4039
-4168
-3438
-767
-2402
145
-2459
-1506
-1873
-2752
-1726
363
-1413
462
-4203
-869
-1590
-2112
-4036
-3182
-3498
-1995
-607
-735
-2047
-3118
-4067
-3528
-3456
-3080
-471
-1618
-2317
-1351
-3732
-3599
-4160
-1391
-3194
-2600
-2247
-1351
-3446
446
-2357
-1238
-3630
-327
-4936
-3626
-4826
-4763
-4815
-4317
-550
-133
-221
-2693
-1866
-4353
-4646
-2167
-4902
-2574
-4105
-3354
-913
-354
253
-3600
218
-4882
-4489
-509
-2496
-1290
-4505
-3200
312
-409
-834
-4379
-3425
-899
-1303
-2124
-691
-2697
-980
-3024
-4012
-1435
-3465
-3626
-2158
-4844
-3417
485
120
-3183
-531
-4670
-3660
-4051
-4446
-1911
224
-513
-1005
-4354
-4068
303
-3556
-1804
-4782
-2782
-114
-4776
-1479
-103
-3746
-1757
-1000
-4745
-3839
-2247
-1543
438
-950
-957
-2123
-1752
-2712
-4925
-3631
-726
-2917
-3152
-1375
-1168
-1564
-3437
-1827
-1034
-770
-260
151
-2853
-2666
-1860
-3378
-2009
-3766
-2777
-1189
-3720
-4475
-814
-685
-452
-3779
-1117
-2675
-4184
-4546
-234
-856
-685
-551
-3021
-598
-685
244
-1681
-1834
-1757
-3145
-1189
-2644
289
-3671
-715
-4447
-1550
-1453
-2562
-2607
-2313
409
-1513
-1039
-4386
-3487
-1721
-2432
-4928
-4574
-2237
-4604
-2346
-3910
-4803
-1560
-643
-4397
-68
-3930
-2151
-2838
-325
-842
-1503
-1632
-853
-2859
-610
-2118
-713
-3474
-3287
-2617
-4832
-4023
-2326
-4192
-3267
-1091
-303
-733
371
354
-4094
-4376
-4817
-4617
-460
-1916
-3025
-4304
-462
-2776
-2060
-496
-1441
-1307
-3732
-4845
-292
-3707
-1609
-2123
-3803
-3627
-2330
-2141
-4861
-4382
-725
-4623
-434
-1189
-2851
-321
-1894
403
-2381
-1236
364
-824
-3515
-4353
420
-2277
-4699
-3262
-2458
-4770
109
-1365
-257
-2351
-3022
-4893
-3186
-1603
-519
-474
-2113
469
-1478
-4762
-3551
-2987
-628
-2777
-2917
-469
-4242
-2161
312
-1022
-1871
-3330
-2214
-326
-519
-621
-3399
-4794
-4832
-289
-3407
-505
-3967
-4171
-3275
107
-3577
-2718
-2304
-272
407
-4698
-3233
-238
-2957
-4002
211
-4208
-1702
465
387
41
-1553
-2927
-3255
-4158
-3375
-4381
-3984
-963
-1288
-1315
-849
-2225
-806
-4285
-1545
-543
108
-2554
-4383
-1555
-1155
-4153
-122
-2736
-1980
-4747
-3054
-4556
-2868
-3506
-1935
-1750
484
421
-4088
-3523
-4314
-1043
-3327
-1211
-3976
-244
-1492
-4625
-4489
-1157
-4092
-1751
-195
-1148
-2347
-1613
-2136
-2696
-2584
-2709
-2492
-479
-3084
-3595
-852
-4434
-369
-3585
-1777
-3481
-2379
-1188
-3302
-2235
-3587
-197
-2741
-579
-3756
-2454
-3171
143
-2660
-3816
-2691
-4673
-3785
-4360
-4458
-497
-4843
-1920
-1929
105
-4400
-2847
-2798
-2102
-2765
-3948
-2092
112
-790
-2785
476
-3088
-625
-1978
-275
-3509
-1063
-2371
-2505
-1691
-1477
-3407
-1315
-3491
-2452
-1550
-665
256
-614
-4157
-4543
-119
-567
-1048
-3962
126
-3919
372
-4531
-3303
-1295
-818
-269
-3605
-2483
-1173
-1261
-4407
-3889
-2026
-3446
-2806
-4275
-1217
-492
-2901
-1031
-1826
-4731
-2331
-3549
-1708
413
-4498
-3645
-3988
-462
-3124
-787
-629
-1115
-775
-2950
-4793
-20
-1923
-3471
-4972
-3704
-890
-4088
-3963
-824
-1818
-4713
-3511
-1630
-3845
-2023
466
-4628
-3620
-1399
-2691
-340
-3159
-2724
-3710
-4875
-4556
-2286
-3596
-4999
-4007
-3126
-88
-4566
-4190
-4629
-4250
-4419
-4458
-325
-1762
204
-4366
-2158
-4430
-3677
-1404
-3062
467
-3790
-3287
-2967
-696
71
-836
-764
-1063
-1682
-1549
-4417
-3127
-874
-2273
-2994
-4123
-4736
-1545
-4638
-195
132
-2195
-1632
-4818
-247
-2773
-472
-3269
-4047
-2191
-2628
-2363
-3658
-4429
-4043
-3611
-2264
-1058
60
-4915
-417
-1299
-590
-1223
-4178
-1227
-487
-1886
-2360
-2003
-3460
-4548
-2250
-2315
17
-3734
-2479
-2370
-3413
-1190
-4105
-854
-3368
-3188
-4445
-2583
-1077
-4009
-3149
-4614
-272
-4571
-4352
-3366
-1213
-4144
16
-3639
-1026
-3880
-1001
-3057
367
-4191
-182
-29
-4246
-1691
-1952
-3200
384
-878
-736
-4271
-2250
-3524
-1660
-218
-4997
-830
-3414
-700
-843
-1474
-2784
-3013
-2650
-623
-3049
-1771
-4269
-1265
-1968
-4251
-3649
-3693
-2381
-1702
-593
-2419
-4040
-2593
-1251
-1777
-3976
-4313
-4213
-540
-472
446
-2747
-3356
215
-318
-789
-1294
-2186
-2507
-1867
-1838
-214
-2112
-3271
-1739
-4590
-2233
-4126
-824
-1400
187
32
-2899
-2704
-644
-4792
-650
-4025
-4209
-2054
-2794
-4918
-2098
-68
-1679
-1025
-980
-3291
-1214
-1205
-2498
-2125
219
-2142
410
-699
-2623
-2868
-3534
196
-1118
-2014
299
340
444
-3280
-2301
-4034
-1501
-3175
-1603
-4356
-2561
-139
-3119
-72
305
-3226
-4085
-3003
-1364
-3057
-3643
-2130
-2392
-797
-1146
-312
-909
-1266
-1707
-3683
-2589
-4294
464
-1947
-1698
-1784
-3747
-815
-4316
-1328
-829
-673
112
-4289
131
-1237
-2384
-151
-4783
-3330
-4756
-2972
-3018
-1472
-643
-3816
-4052
-110
-2740
-3056
-2025
-3149
240
-3390
-413
-2666
-4315
-3651
-4483
-2355
-3112
-181
-1990
-3813
-744
-2924
-2507
-207
12
-4445
-1957
-26
-3863
-215
-4073
-2788
-3273
-3465
-2417
-1262
-3929
-1950
-34
-4623
-4517
-810
-245
-2616
-3166
-591
-1011
-3412
-3944
-2550
2
-1122
-2132
-2819
172
-3420
-4459
-4945
-3885
-2878
-1099
478
320
-4136
-1680
-2116
-2890
-1712
-873
-751
-3277
-3272
-1060
-1357
-2444
-3157
-4743
-2514
-944
-2393
-23
-3229
-3196
-3
-2165
-4634
56
-2034
-756
-2031
-1996
-373
-2171
-706
-1501
-2809
-1318
-4637
-550
-1077
-1572
149
-2390
-3875
-2750
-3653
-318
223
-2869
-2327
-2893
-836
-3136
-4215
-2029
-4597
-4101
-2910
-3470
-2148
257
-4038
-4807
-4520
-9
-4707
-2307
-2409
-796
-3617
-2970
-3679
-2885
420
-854
-3237
-636
-1249
-1683
-171
-1266
-2376
-4656
-1008
-4725
-4301
-3084
-772
-554
495
-1333
-2711
-3751
-2020
-3843
-618
-3086
-3528
-482
-4347
-752
-1121
-4924
-2516
-2094
-1579
-3268
499
-402
-2018
-1923
-1796
-4084
-1892
-4178
-5000
-638
349
-1610
-1629
-963
-897
-2931
-140
-3156
-320
-2675
-4238
398
-4584
-512
-1744
-4906
-1913
-3453
-884
-3233
-4673
108
-1955
-2273
-1589
-2446
-4832
-4099
315
-3833
-3079
-1989
-2345
-1220
-4722
-4157
-1633
-2594
-3323
-3441
-1712
-4695
459
-3856
207
-2996
-2867
-3905
-2147
-4521
-1772
-1980
-365
-1775
-3784
-1859
-1787
114
-2594
221
-4061
-1447
-3274
-2442
-491
-4093
-2180
-2402
-812
-3617
-360
-3429
-1175
-564
-731
-2144
-2386
-4882
-2313
-2024
-1909
-4267
-2658
-677
-4507
-1441
-1770
-2362
-2646
-172
-2461
-4264
-696
127
-1902
-1754
-2098
178
-4808
-2499
211
-3171
-114
-4172
-4735
-2563
-3838
-3310
20
396
237
-1766
-4755
-3384
-4184
-2242
-2677
-2876
-3335
-2003
-2191
-1408
-1242
-3212
-645
-4256
-116
-4247
-4531
-1287
-2348
-2092
-1391
-1827
283
-1793
-2183
-4212
-1216
-1512
-4636
-2359
-4178
-67
-2588
-3612
-4054
-4506
-4897
-2647
-3204
-2824
-826
-1791
-1327
-1406
-1632
330
-1332
-3782
428
-1054
-3613
-175
-3337
-2454
-791
-1566
-985
-3176
-2213
-798
-288
69
-1237
-395
-428
-1907
-1399
-4068
-4950
-2885
-3548
-1330
143
-2257
-4386
-4390
-1863
-2969
-137
-2747
-3176
-2267
-3319
-1377
-3830
-2596
-180
-4661
-3236
-1502
-82
-3812
-4043
206
-4954
-1641
-47
-970
330
-3116
52
-587
-1330
-2490
89
76
-4375
-4400
-3113
-524
-843
-4312
-3718
-1991
-1984
-201
-3431
-1381
-1895
-2121
-2118
-1189
-2671
-875
-3058
-4619
-1606
-4289
-2370
-2488
-2137
277
-914
-1164
-4928
-4636
-3818
-8
-2337
-617
-4308
-4511
-3861
-312
-1881
185
-3089
-2452
-328
-3417
-3993
-3116
-4592
-1242
-3378
-3895
-3002
-4359
-3415
-1210
-2257
-194
-3749
491
-4256
-1552
-3458
-1315
-2304
-1054
-3504
-873
231
-3022
-4957
-933
-2808
495
92
-1901
-2164
-43
-4300
-920
-3927
-1492
-1203
-4941
-2545
494
-3901
-4456
-3762
-4780
-3168
-84
-3995
-4368
-4719
-747
-4406
-590
-2430
-424
-2979
-2465
-122
-1893
-3698
-3524
-433
-4292
-4072
-2324
-1524
-70
-644
-2216
-3457
210
168
224
-515
-2052
100
424
-4797
117
-2352
317
372
-540
-2587
-469
-2732
-4494
-2589
-3512
-1967
-3100
-4122
-3891
-4593
-3036
-1850
-2395
21
-3574
-2067
-1461
-3871
-1807
-1581
-1044
-2560
-4172
-3404
397
-393
-1870
-415
-1155
-3940
180
-3403
-1699
-2261
-2650
-2256
-372
-4704
-1428
-4809
-2531
-1749
61
-2015
-4191
-1060
-4594
-2596
-2596
-2954
-343
-1738
-880
-233
-1175
-692
-3830
-4665
-1337
-4229
-3148
-2766
-3011
-673
-1126
-3183
-274
-2814
231
-4615
-3860
-4078
-2944
-994
-977
-1291
-2240
-2070
-4656
-2172
-1721
-4948
-2789
-2793
-2334
138
-3035
-2343
385
-244
-4130
-2547
-782
-2690
254
-2378
-1868
-4647
-2121
-1687
-3305
-2592
-128
-4558
-1325
-2655
-4443
-1368
-1657
-4983
-1015
393
-3164
-2401
-4640
-25
-2984
-1265
-3874
-2199
-2060
-4296
-4678
-486
-637
374
-609
-1249
-242
-1818
379
-3482
-4808
-4320
-4463
-2372
-1595
-1032
-4346
-4350
-2703
-3074
395
-3739
-4884
-2618
-3640
-4148
-4372
-628
-49
-4958
-881
-1565
-3961
43
-1326
-3814
-582
-4448
338
-1663
-1305
-589
-2289
-4894
-2915
-3530
-794
-3215
493
-2771
-1859
-1401
-3501
-2997
-2408
-4345
-3173
-3403
-2939
-3713
-4772
-3145
-571
-884
444
271
-3300
-2046
-2185
-3166
-4677
-3304
-1538
-4201
-1
-3095
434
-3620
-4322
-4629
-4619
-4322
-3132
-4698
273
-2602
249
-1637
-216
218
-1850
-2550
-1206
-871
-1907
-2596
233
-3994
351
-1468
-3298
-3162
-1845
-1958
-508
-3917
-3442
-787
-2716
-512
-2546
-2155
-3580
-2608
-4530
322
-3008
-4979
-4308
-3895
-2260
-2166
-2480
-4636
-1435
-4905
-2209
-4285
-920
-3422
-97
-1433
-938
-3726
-1520
-1311
-4478
-467
-2866
-2753
-4188
-753
-1715
-825
-2370
-477
-4903
-1192
-3797
-4376
128
99
-1728
-4128
-3722
-2869
-3613
-2583
-2306
-2990
-4316
-2918
-4805
-3959
-3794
-1021
-4350
-2445
235
-4160
-2304
98
-2254
-2165
-1181
-3354
-4978
-4318
-1414
-3753
-1446
-3004
-1821
-2725
396
-1706
-3830
447
-1473
-990
-1500
-4174
-4346
-2506
-956
-428
258
-2957
-3145
-981
-2839
-3982
66
-1874
-688
-4159
-4518
-2317
-343
-1090
-283
-3052
-745
-1618
-1105
-4158
-3156
-3813
446
-3589
-2388
-2312
-3791
-4792
-854
-2933
-1441
-2874
-2617
-2579
-4374
-4250
-4231
-2499
-1284
-1877
-4501
-2878
-1905
-3369
-955
-4931
-2996
-3582
-4913
-4873
-4534
-4725
-3980
-911
-3679
-4393
-1548
-4179
-3266
-347
-515
48
-2997
-1284
-2970
-2372
-1877
-330
-2572
-1857
445
-4056
-280
-1053
-930
-3398
-287
-1566
-4511
-2238
-4873
-3299
-3443
266
-2790
-3887
-908
-698
-717
-4218
-608
188
-510
-1041
-4628
39
-882
-2805
-2182
-2132
-2885
-2731
-1320
-2633
-1903
-76
336
-702
-4924
-4268
-1796
-3487
-515
-4567
-3291
-4151
-2568
-3444
327
-3676
-3446
-4576
-1433
-2040
-2422
-3939
-4815
-3500
-4719
-313
-3974
-3672
-4643
-642
-3998
-2607
-4749
-464
-518
273
-1291
-4826
-3754
-1079
-3683
-3368
-1301
-4124
-2137
300
-4586
-3585
-1064
-3677
-2373
-320
-3591
-4174
-3546
-317
-4130
488
-2792
-4702
-391
-3626
-2438
-1754
-1092
-1497
-1915
-4599
-1874
-3631
-3483
-2679
-3714
287
-565
-63
-445
-1028
-2889
-1097
-3064
-3807
-475
-1749
-4419
-2791
-1504
-542
-2823
-1784
416
-2524
-1888
-3047
-1638
-2073
-3568
-2498
-1282
-3814
-3419
-4171
-2774
-1530
-169
-4242
-1720
-988
-2551
-1003
-1787
-3865
5
88
-4716
-1230
-487
404
-1968
-2538
-2196
-4284
251
-1752
-1699
-1928
247
-1034
-997
-4925
-1938
-4488
-4420
-3667
-3982
-2771
-4802
-4684
-1048
491
-2125
-8
-3778
-2951
-2863
-3417
-731
-1291
-670
-424
-662
-2678
-4029
-1859
-3436
-4973
-456
-612
-3607
-3985
-2011
-292
-2451
-4746
-4353
-2975
-3540
-4306
-1641
-3907
-3757
-3902
-194
171
-3258
-352
-1955
-1483
-139
-1342
-4337
-1212
-2837
-1026
-1385
-4269
-3616
-2076
-180
-3495
-909
-122
-4794
-4432
-380
-4421
-308
-3069
327
-1574
-1540
88
-4477
169
-2472
-2232
-4497
-905
-3225
-2805
-4431
-1210
-101
-1519
357
-3773
-2000
484
-4275
-3993
-2292
-519
-1455
-125
168
-4492
-2743
-2168
-4937
-4296
-609
-19
-3926
-4828
-2887
-2096
-2510
156
-4244
-543
-3629
-256
-3960
-2955
-4162
-1219
292
-1540
-2299
-678
-4334
-833
-1005
-3511
-4533
-4222
-3081
-2482
-4643
-1306
-1008
-2781
30
-2149
-4844
-1426
-326
-1468
-3491
-3430
-3956
-3621
-2207
-2047
-1220
-2773
-2258
-3823
-2921
-382
-1981
-1228
-4959
-4417
-3052
-2072
-3529
-3629
-2185
-915
-202
-3779
-2230
-2732
-299
-2320
-3706
-3938
346
-3380
-4825
-4408
-3386
-583
-2363
-2228
-4995
-325
-319
161
-1319
-1070
-3151
-2636
-4884
-3527
-3943
-2170
-250
-2162
-1197
-2046
-4269
73
-4671
-2238
-224
-4771
-1454
-1316
-3698
-1133
-209
-2375
-1025
-3221
-4291
-3310
-939
-3218
-2587
-3644
-1779
-3850
-4012
-209
-2987
-4946
-211
-3571
-1234
-1519
-600
-2953
-2973
-3552
-2404
-4071
-3609
-3093
-3971
-4822
-2982
-4429
-1005
-2705
-1008
-69
-3230
-1033
387
-1674
-3224
-4361
-1066
-4678
-3041
-566
-2281
-2098
-4242
-3982
-983
-2312
-2918
-3431
-2401
-1077
-1247
-3493
-2835
-275
-3466
-2431
-1990
-1885
-3285
-1302
-2644
-246
-438
-4534
-460
-4789
-3659
-3222
-1150
396
-2685
-3227
-1377
-3965
-2761
-4144
-2075
-4697
-3186
426
-1677
-3043
-478
-451
-238
235
211
-2152
-2307
261
-1726
-1202
-3963
-2930
-4213
-2544
-3303
-4829
-4742
-2225
-457
-564
-1486
-2597
-2908
-4960
-2010
-4775
-76
-4209
-2283
-219
-264
-2465
-2740
-2570
-3149
-360
-1121
-2841
-2733
-2611
-4669
-530
-4120
-4647
-3489
-1361
-3826
-4747
-4430
-3435
-4478
-3571
-2415
-3291
-265
-471
-3165
-4753
-1773
-136
-1745
-2411
-596
-3354
-2019
-1442
-1677
-3168
-1013
-2910
-1036
-3347
-3758
-1485
-4733
197
-230
-3736
-1814
-1911
-536
-752
296
-2456
-4687
-3998
-4465
-3410
-2057
152
443
-4570
-2683
-815
-405
-3049
-4255
-1596
-3209
-1117
-1604
-2896
-615
-2568
-4468
-1192
-4508
-4479
-1074
-1266
-755
-3605
-4024
-1740
-2094
-208
396
-317
-1122
-2671
-2114
-1600
-1752
-1296
-994
-1503
-223
-2332
-1485
-3966
-1750
76
-3920
-4319
-1496
-3809
-1754
-1798
-2061
-1095
-1704
-3839
-4953
-3345
-1853
-2613
-2932
-4675
-200
-236
-2431
-2070
-4962
-3219
-62
-2598
-2104
-3306
-383
-1629
-3373
-4102
-3016
-1955
-807
82
-1965
-4786
-1748
-3787
-911
-4341
-389
-4226
177
-4690
-3387
-419
-4421
-1586
-10
237
-1268
-86
-44
-4564
152
-454
-4111
-755
-3179
-1991
-937
-4285
-3620
-4679
-3616
-1230
45
43
-2910
-1218
-1533
-3411
-1381
-3684
-1767
-3067
-1881
167
-1798
-2271
111
-3404
410
-4118
-3024
395
-3525
-4517
-3180
-2262
-2035
-1444
-2370
-3904
-1747
-1136
-3931
179
-1228
-2301
-2097
-3807
-431
-4727
-3669
-910
-217
-964
-2349
-3317
-4032
308
-592
-2872
-3647
-2427
105
-1189
-1819
-4232
-2983
-241
-4005
-1447
-1921
-2208
-4048
-1275
-1832
-1916
-3386
-54
-1210
-4814
-1699
-2623
-4938
-2996
-68
104
-4285
-2099
-1126
-4434
-1713
-4003
-1739
-342
488
-183
-1316
-3160
-3253
-3900
-359
-1290
353
230
-4833
83
-2163
-2822
-4386
-4741
-3267
-4089
-4672
-3968
-2049
-2578
-4073
-1560
-2434
-1045
-616
-391
-990
-3391
-692
-2401
-1296
-1761
-678
-3515
-2198
-335
-1052
371
-2313
80
-4774
-4444
-3792
-3550
-4854
-2573
-3741
-2843
-1082
-2878
-1705
-1813
-135
-113
-3289
-3483
-1233
-682
-4717
-1929
-2239
472
-3805
-3215
-4871
-1365
-934
-897
-655
-4176
-442
-2823
17
-2030
242
-1611
429
-2667
-2296
-4697
-4332
-1721
-1406
-2376
-2097
-1434
-2030
99
-483
-3969
-2556
430
-4134
200
-2007
439
-3024
-734
-2196
-686
-4096
-1863
-3096
-3074
-2982
-2111
-3887
-4892
-4054
-4606
-3511
-4406
-4325
-4043
-3380
-2412
-2630
-583
-503
227
-742
-3014
-4372
-758
-3989
-320
-2056
-3651
-1085
-661
52
-937
-2080
-2561
-4790
467
-909
-254
-2009
-4061
-2221
-3665
-4274
-4069
-2918
-3336
-4529
-4816
-1965
-2792
-2515
185
-4531
-1611
-4584
-393
-3761
-4879
-2975
-3152
-2078
-2071
-1917
349
-3135
-1137
-2428
-1860
302
-2358
375
-542
-4094
-2962
-3193
-1765
-3150
-359
-1118
275
-1450
-250
240
373
-1721
-2887
-588
-808
-2686
-2580
-3032
-3760
-4157
-922
-4428
-1583
-1283
-3523
-4982
-1161
-3199
-648
-468
-2697
-3899
-2934
-3782
-3896
-4598
-2378
-31
-3970
-2658
-496
-4368
-4774
-2876
-4692
-4024
-2883
-3337
-574
-4984
170
-2978
-2460
-4946
-1530
-2544
-1130
-3112
-939
-4322
496
-170
-3873
-92
-3191
-1353
-560
-2703
-930
-3662
-1296
-1616
-3043
-2186
-1621
-43
-3312
-2154
-616
-4977
-219
-39
-643
-775
44
-877
-1920
-4961
-4448
-3056
-1418
-2794
-1984
-14
-4458
-4919
-543
-2503
236
-2129
-4772
-4607
-1639
-1144
-2009
-2047
-2035
-2697
-3669
-3961
11
-4645
-3428
-2276
-1914
-587
-3028
-1846
-4095
-3992
-1802
-3834
-2022
-2133
-878
-4045
-1940
-3996
-2505
445
-4887
-2620
-4997
-1954
-3142
-3234
-3586
-2296
-3895
-4835
-4909
240
-1670
-2883
-2141
-1147
-859
-2516
-2602
-4632
-3319
-2937
-2373
-4091
-1958
-1003
403
-2033
-2772
-776
-4505
-2433
-1455
-4148
213
-4038
13
494
-1180
-1500
-794
-4274
-2618
-1622
-4205
-2252
-2383
-253
-708
-567
-886
-2623
-1116
-4866
-3570
-2893
-3735
-1417
-1496
-2674
-3054
-4019
253
-4173
-4983
-77
-3767
-160
-1211
-2528
-1302
-1102
-4206
-4484
-2797
-2396
-1489
-4005
-2575
-2333
-4420
-1281
-2802
-4349
-2800
-3972
-511
-1121
-2667
-1364
-1806
-254
-2093
-55
-1622
-1873
-1544
-2095
-4047
-4524
-1444
-1146
-182
486
-760
-3594
-4656
-4708
-2352
-674
-1278
-617
-354
-2349
269
41
-2662
59
-4851
-2768
-2094
-1174
-2035
-2717
130
-2806
-1453
-1382
-2650
-1628
-187
-1698
-2190
-3493
-4076
-2746
-2394
-267
-206
-4283
-536
-1078
-2506
-3277
-3734
-1488
-1590
-1171
-72
-4887
-4724
-229
-2917
234
-4688
-3156
-181
-2143
-3041
140
-2338
7
132
-4800
-3307
-4078
-1472
-4438
-4525
-4286
-3711
-2540
-212
-4472
-3553
-2046
-3347
-492
-2772
-3629
-1919
-4481
-2999
-2591
-4860
-4952
-3800
60
-1502
-4838
-4418
-3977
-2489
-1093
-4922
-4014
-4241
-2568
-3792
-1535
-2585
-1057
-2709
-917
-2417
-2578
74
-2440
-3390
-1928
-3736
-800
-1746
94
-2056
-3098
-588
-3676
-898
-3129
-3561
-4518
-2068
-4304
435
-4089
-1577
-2457
-3342
-358
-4497
-4655
-3881
-4561
-4876
-1571
-844
-274
-1064
-1931
-1319
-2219
450
-2538
-3335
290
-3958
-3013
-3975
-1716
-1223
-2599
345
-4467
-711
-3249
-3596
-4984
-2294
-3072
-2599
-225
-3737
-3977
-2967
-1979
-3641
-1853
-4008
468
-4762
-4457
-4053
-955
-3147
-638
-2695
-1827
-480
-2686
-3714
-829
-3641
258
-4256
-2830
-3397
-3978
-4374
-3401
-2819
-959
-2656
-2775
-621
-1278
474
-1973
-1390
-1110
-1122
-1744
-1568
-3439
-3921
-2559
-3934
-441
-2697
-3833
-1980
-1522
-252
-4473
-996
-304
-1995
131
-3685
-2152
69
-2753
-3454
-2005
-1949
-2378
-3800
-1464
-4177
178
-4931
-3178
-4227
391
-4849
-884
-3028
-144
-2975
-3698
-894
-1619
-1636
-4226
-4051
-454
-2503
328
-1132
-4551
-983
-531
-1531
-3475
101
-486
-3340
-3828
-2468
-3274
-4312
-1724
-932
-2527
-2889
-4976
-485
-4067
-1894
-2537
-1458
-1118
-4692
-767
-1107
-4037
-917
-3112
-2297
-4146
-4162
-4939
452
-623
-1754
-2840
-2505
-2412
-1295
-3472
352
-3866
-1058
57
-2986
297
-646
377
-3169
-70
-1381
-3105
-56
-3960
-1399
-3807
-1545
-1255
-4801
-1938
-202
-1377
171
-2149
-1648
-2822
-3735
-1998
-1966
-1880
-2197
-2152
-1120
-4998
-3309
-1000
141
-1358
-4831
-3842
-2471
-2947
-3064
-4585
131
-1378
-1356
-306
-1741
-1821
-4910
-2925
-4218
-3596
-139
-1037
-4800
-1037
-491
-4610
-4777
60
-4444
-4886
339
-824
-390
-2050
-41
-4851
-926
-367
-3239
-1886
-4468
-1466
-2660
-1687
-822
-1745
-2983
-4952
-362
-3104
-4178
-423
-2694
-3919
-2007
-4783
-2792
-4319
-3711
-4093
-3035
-2104
-3785
-265
-3158
-3739
-4205
-846
-4386
-3267
66
-270
-647
51
-4199
-4195
341
-587
-3551
-4896
411
-1131
-3092
-126
79
-595
-2851
-2701
-1359
-4039
-2711
-1305
-3262
-3988
-1429
-2872
-1151
-2119
-3759
78
-2975
-577
-4307
282
-2957
189
-4833
-779
-1755
-2808
-494
-1399
-2530
-1681
-2011
-1804
-1351
-1419
-3951
-2690
-4775
-2543
-4453
-3216
-4201
-4940
-985
-1437
-4155
-3200
-934
-4499
249
-2767
-3291
-33
-832
-3514
-4433
-4931
-3441
-768
-1589
-3618
-1680
-4014
-3908
439
-3316
-3659
-1223
-1791
-2941
-4709
-120
-4064
-1558
-2145
-4639
-3870
-1649
-1129
-1351
349
-3510
-294
-1296
-1701
-4100
-3951
-168
75
-2521
-3279
-2912
-812
-2661
-813
-363
-3388
-3268
-4077
-4752
-4807
-4408
-1354
-509
-1968
-4263
-4661
-2664
44
-3611
-4538
-329
-4976
-4266
-1247
-2583
-4979
-3636
-1967
-2975
-102
-2174
-1902
-3069
-3609
-4021
-787
-339
-3404
-3346
-3521
-1180
-999
-4446
-3580
-3394
-3276
-285
-3456
-2214
-586
-157
-3428
-1367
-2446
-3433
7
-4233
-2725
-3796
-4804
-4303
-3124
-586
-1156
109
-4804
-4314
249
-3861
-2213
-3787
-2044
-3655
-54
-3807
-4551
-1398
-2129
-2669
-1269
-3347
-690
-1284
-1946
-4568
-3
-3995
-1150
-3835
-977
-1975
-3158
-4250
-3099
116
-3508
292
-3149
-4861
-1721
-1177
-2149
131
-1287
-4410
-3576
-2941
-1673
300
-4449
-255
-4009
-1278
-3333
-1197
-2487
-1286
-3133
-1289
-2724
-4607
-3811
-4355
-4551
368
242
-723
-1942
-2324
-1531
-1037
-2059
-3647
-2309
-723
-2039
-418
-1397
375
-1526
-2719
-470
-3336
-3881
-2202
-4742
-4835
-2129
-3141
-2680
42
-2894
-3536
-1499
-4132
-4174
-1005
-2006
-778
-703
-644
155
-3928
-3611
-257
-4451
-2402
-4821
-1414
-507
-1942
-3602
-2698
-907
-2074
-1520
-3818
-2759
-4081
-4627
-1456
-2404
-3463
-1963
-484
-4136
-1211
-2329
-2921
-1867
-1128
-3321
-4116
-1871
-2717
-2681
-1932
-3704
-4919
-4269
135
-4442
-2649
-277
-1624
-2099
-3101
-4116
-1035
-1181
-2
-3127
-2805
-1806
-324
-3663
-3449
-4682
-1000
-842
-2840
-4945
-3498
-3105
-628
-1237
-3298
-2242
-4839
18
280
-1682
-4131
-1927
-3937
-3602
-435
-374
-3807
-4679
-4127
-4282
-828
-795
-1317
477
-4482
219
-4498
-4212
30
-2626
-1629
-1573
-3787
-3297
-1350
-744
-4738
-3426
-4291
364
-2015
-2210
-777
432
-3269
-312
-3005
-3849
-43
-4999
-2726
-1441
380
432
-1902
-1775
-3215
-3114
-1411
-4362
268
-4077
321
-3921
10
-1557
-2926
-3161
-1668
-590
-1009
-921
-3479
-504
-4608
327
-3100
427
-3368
-2985
-3958
-4837
-340
-2455
-4271
-3625
-4099
-1902
-2109
-3737
-1660
-1888
-2111
-4071
-4534
-644
-2951
-2097
-3484
-3914
-3453
-1012
-3437
-4990
-1959
-2793
-3757
-3074
89
-1143
-1805
341
-4864
-2448
-994
-3514
-3915
-561
-191
-1780
216
-2288
-796
-4666
-907
-754
453
-3758
-1164
-123
-3598
-1718
-804
-4212
-4731
-3651
-2444
408
-788
-4499
-4676
-688
-1332
-3271
-2932
-1300
-1030
-3964
-46
-4414
-3649
363
-1554
-3617
-4339
-3626
-775
251
-2795
-491
-585
-4556
-4314
48
-1496
-965
-2099
-4985
-895
-1488
-1699
-4885
-2931
-2378
-613
-4404
-855
-549
-1134
176
-3932
-3622
-1235
497
-3418
-3173
-4244
-2634
-1896
-2091
-156
-2930
-3244
-1649
-2724
-3501
210
-2931
-1050
-2063
-3735
457
-68
-1983
-2850
-181
-564
252
-135
-2215
-377
338
-1982
-1787
-4590
-4205
-1361
-1170
438
-2467
-221
-4748
-823
-37
-667
-3467
-2288
-3351
-341
497
-823
-3503
-2136
412
-2093
-2817
-4259
-3321
-1884
-4250
77
-3874
-2392
-4792
-3995
-1966
189
69
-1261
-2174
-1944
-4405
-1532
-2531
443
-4296
-4884
-3380
-689
-3249
-4099
-3219
-3925
-1925
-1609
-4221
-1727
-2316
-1207
83
-4123
-4118
343
-411
-1540
-978
-1315
-2933
-2789
-3243
-1630
347
-381
-2501
-759
-1738
-2700
-2907
-2772
-27
-2930
-2911
-18
-3718
-4861
-4455
-1058
-4910
-380
-2626
-3382
-3878
-1563
-3815
-4592
-3636
-2166
-2350
361
-1571
-3527
-4800
-2676
-3298
27
-3712
-2175
-2973
-289
-4152
-2749
-3740
-4558
-2181
0
-3445
-1482
-4000
-1757
-3399
-1246
-4797
-2490
-557
9
-2045
-4523
-1082
48
-3912
-96
-4510
-4728
483
-1390
-2014
-2959
-1250
-4550
-3542
-4194
-3510
-3962
-4728
-4607
-3198
-4967
-2349
-592
-639
-1131
-2931
-4244
-4741
-551
-58
-469
-2737
-3773
-3314
-3457
-14
-4717
-323
-187
-3082
-3561
-3952
-4930
-777
-65
-240
-3750
-4265
-1246
-305
-3337
-1380
-215
-611
-2128
-1856
-4665
-2031
-2324
-1423
-47
170
-2355
-3943
-807
-2169
-2104
-768
-3862
-3244
-1336
251
-4984
-1453
-3404
250
382
-4582
412
-4774
-2360
-343
-4433
-2065
-4163
-4053
-4988
186
-1102
-1233
-1855
-3430
-615
-50
-427
-4359
152
-1694
-3704
-2469
-2358
-556
-4564
272
-4341
-2798
-2238
-1410
-347
-1073
-818
-3805
-4016
-1204
-1767
-2783
-284
-1204
-3192
-4224
-1528
-2033
-2865
-3349
-219
-2811
-390
-2365
-454
-2857
-3064
-3954
-4297
-991
-2671
-3332
-3641
-2516
258
-3613
-2368
328
-4409
-4182
286
-3443
-4946
-970
-2877
-2610
348
-1510
-4896
-4481
-3053
-2601
-280
-1207
-2365
-3629
-4687
-1669
-2277
-682
-4614
88
-4226
-1243
-1763
-694
-231
-2846
-4917
-462
-4840
-1721
-693
-169
-1109
-2116
-425
-1205
-2148
-4392
-4267
-2102
-19
-997
-4479
-3449
-1270
-2589
-910
-1309
-674
-4045
-4186
-1133
-1677
-2165
-2402
-1955
-4679
-2271
-4220
194
309
-4408
279
-1104
-3719
-1463
-2033
-48
-4081
-2377
-3829
-2204
-3468
270
-411
-1697
-4088
-3379
-933
406
-2167
-2770
-3559
-2707
-2490
-643
-3145
-3118
148
-4685
-1577
-3755
-1061
-4835
-166
-1734
-595
-3243
-4790
-2789
-2539
-159
-198
-3098
272
-3287
-4751
-2811
-4321
-2823
-2913
-1416
-1461
-4684
-409
-960
-3743
-3177
-59
-3634
-4123
398
-1428
-4435
-3166
-3197
-2820
-2061
-2134
175
-2470
-2951
-4551
-3851
-36
-1893
229
314
-579
-4419
-423
-713
-3726
-80
-3813
-3801
-4000
-3847
-4534
-4523
-3829
-4923
-2695
-4981
-3859
-4205
-494
-918
-1591
-3317
-699
-4150
-4934
-1487
-1592
-3981
-1165
-1902
-2238
-4321
380
-90
-4967
-3267
-180
-1737
-4348
-2787
-4528
-4626
-3685
-4819
-1056
-3787
22
-1066
-241
352
-3291
-2766
-2790
-3043
-1035
-2699
-3279
-1366
-301
-2152
-434
-287
-4182
-2053
-1275
-90
-796
-4459
-1783
-1687
409
-2122
-35
-3750
-939
-4441
-576
133
-302
-1817
-1869
177
-2408
-1591
-3304
-687
-1574
-2546
-1061
-1476
-1495
-4621
215
-3085
-2920
-1426
-31
-3712
-1087
-1829
-750
-1711
-4148
-1897
-3969
-2253
-3176
-4641
-3217
-4085
-3652
-3467
-4202
148
-4702
-2880
-1107
-4212
-3125
-1418
-2312
-2002
-114
-3603
-4800
339
-2152
-623
-4865
-4200
-2623
-1281
-3556
-2742
-2799
-2415
-3720
-139
-4456
-501
-86
203
-4352
-1252
-2165
-761
138
-2956
-3933
-850
-4819
-2854
-962
-2899
-1311
-2473
-2829
-2750
-2002
-4828
449
-2781
-4207
-2400
282
-4238
-4226
-249
-443
-1597
-170
-3772
-95
405
-1283
-272
-3626
-2320
-4657
-761
-983
-838
-2426
493
-1542
-2978
-2478
-1672
190
-531
-4141
-1821
-4707
417
-3083
-3201
404
-4522
-2912
-1670
-1094
152
-151
-150
-3112
-3568
-1893
-3761
-3944
203
-2547
-2956
-429
469
-1697
-3260
-3346
-564
-2753
291
-2209
-279
-1260
-2181
-256
-1999
98
32
-4792
-826
-1055
-3293
-3127
-2835
-4355
-4500
-2992
-660
-3320
-3382
-1343
-2847
-4626
-3284
18
-3378
407
-1955
-2998
-3209
-90
328
-218
-4583
-4191
-34
-3996
-4150
-3013
-4967
-153
-193
-186
-316
-4360
-2930
-1982
-3193
321
-1869
-1069
-537
-4556
-3030
-282
-1718
315
-521
-4787
-4292
-2063
-108
-4603
-3076
-954
-2671
-2968
-28
-510
-868
-528
-3091
-4071
-4593
-1494
-240
-4007
468
-4573
-3722
-2100
-976
-4635
-809
-948
-2942
-3118
-171
-3129
-3087
-4909
-3190
-4211
-3666
-622
-4369
410
-4038
-1047
-4832
-974
-2823
-3964
-545
-293
-2363
-3771
-4780
277
-2847
-2898
-2749
-1139
-945
-1708
-2122
-98
-4368
-3695
-3357
-4615
-4335
273
-2346
-2414
-2769
-1439
-1231
-235
-1899
-4139
-3035
-3457
-4051
-4802
-1796
-4419
-2255
-4196
-398
-4045
-4567
-1772
-1386
-4403
-1681
-2694
-3618
-4637
-2049
-1504
-1892
-4542
-3868
-4130
-4197
-3248
195
-1679
88
-316
-704
-3071
-4705
-4413
-1920
-1722
-1219
-4327
-4840
-4764
-4765
-3566
-2306
-4032
-1442
-1039
-281
-4989
-2645
-4099
-308
-3579
-3276
-1344
-1336
-4261
-2951
-2411
-1000
-1311
-456
-1648
-184
-4152
-3112
-3639
-4280
-4391
-1579
-3499
-2447
-4813
-1881
-1458
-3520
-3736
-4477
120
-643
-2251
-1068
-875
-1392
-2608
-397
-517
-3524
-1762
-3999
-307
-4798
-1599
-2524
-1798
-3317
-3282
-923
-1350
-3720
-723
-1268
-2488
-3252
-2899
-1477
-2657
-3818
-3183
-3886
-1950
-1823
-3442
-2802
-903
-1234
-3608
-4529
-1661
-3340
-646
-960
-691
-3419
-2124
-4402
-86
-3598
-248
-4317
-1862
-3566
-3093
-2307
-344
-2807
-3694
-4907
-1428
-3871
-2969
-3111
-1658
-2106
-422
-409
-4598
-1216
-116
-2249
-1808
-307
-3921
-1524
-2397
-1271
-1112
-562
-2410
-239
-4572
-3729
-477
-1405
-1185
-2776
-4895
-2252
294
-4765
-123
290
-4861
-1647
-3619
-3166
-4920
-753
-4557
-2441
-1170
-3631
-3235
-395
-1514
-3821
-828
101
-4903
-1631
-2206
-659
-3310
-3598
-2623
-4082
-3392
-3955
-3670
-4957
-402
-4142
-2335
439
-2516
-2839
-818
-1072
-1551
-4947
-736
-3135
-4274
-4096
42
-1193
-4711
-2564
-3995
-3018
-4056
-1813
485
-4206
-3886
319
-4082
-3785
-1502
-4258
-371
-658
32
-3054
167
-150
-1830
-1413
-852
-2899
-3843
-1644
-4456
214
-4940
-3074
474
-897
-2143
-1162
-3540
-1301
89
-1712
207
-798
-787
-2922
-2332
-1925
-2688
-3891
-304
-4909
-2383
-2399
-4384
-753
-4228
-1986
-1438
-2867
-1763
-786
-839
-847
-4047
-291
-2555
-3689
-3558
-1139
-1170
-4472
-1387
-547
-685
-3092
-995
-2236
-1925
498
-36
-428
-4315
-414
-1979
-821
-2530
-2393
-3672
-56
-382
-565
-4807
25
-3850
482
-4511
-435
-4595
-1241
-341
-2985
-3888
-4588
127
369
-747
-1903
-1005
-1263
-682
-1484
-412
-3288
163
-1695
-4284
-2929
-363
-456
-1954
-2414
-1031
-2743
-2079
-2884
-3556
-3602
37
-3658
-266
-4399
-1463
-1913
-3609
-3860
-2570
-4819
-3285
-1612
-3899
-3224
-3279
-3430
-2956
-339
-457
-3538
-3273
-1645
-3644
-3409
-4913
-2159
-4651
-3640
-1669
-3347
-4878
-2691
-1144
-2184
-3608
320
-831
-4391
-2879
-3778
-4289
-496
-485
-1120
-685
-286
-1691
-3603
-4105
-4986
-2941
-3858
-4320
-3606
479
-4942
-3586
-4921
-755
-3263
-3877
-200
-4816
-1892
-3762
-2786
-2794
-2065
-2645
-4265
179
-1260
-4031
-1501
34
-3770
-1912
-225
-248
-3602
-3279
-4409
-4793
-1849
-3245
-1434
268
-4937
389
-3634
-525
-3969
-2926
-13
-1754
-447
-253
-4040
-2763
-4352
-1706
-4173
-2205
-3611
-4287
371
-4530
-2717
-832
-596
-2502
-4766
-4458
-2470
277
-3595
-2746
-1563
-205
-3845
-1037
-4576
-338
-380
-3731
-3681
-4895
-3148
-1650
-3534
-2680
-784
-3580
310
-1486
-550
-851
-740
-4134
-1949
-101
-2972
-398
-3012
-3755
-4471
-2441
-4082
-2805
405
-3379
-1382
-2290
-909
-1020
-1074
-3928
-3796
-4113
-1928
-426
-3424
-4154
-2309
479
-2131
-2975
-4287
-3410
-4190
-1805
-4443
-1522
-2071
-2745
184
-2930
-179
-270
-548
-3605
-1594
-976
-3654
-2188
11
-1181
-2112
-4838
-4545
-4427
-1816
-3087
-3427
-3788
-4716
-1421
-759
-1516
-1328
49
-3848
-3231
-1414
-4986
-2172
-2661
-4549
-1912
-1385
-1391
119
-3006
-1356
-1492
-4137
-4581
-4917
-4265
-3111
-900
-1135
-4959
-4793
-4977
-3734
-1792
-3763
-4711
-789
-958
-913
453
-1045
-4469
-4660
-2746
-2390
-3544
-1929
-3221
-1662
-4405
-4467
-304
-2410
182
-1271
-1834
-2042
-692
-325
-1365
-4169
-3208
-4371
219
-2003
-435
-3942
-973
-2376
-567
-842
-2153
-2386
104
-833
-1639
-3178
-3411
-3587
-1776
-1991
-200
-1894
413
-123
-4691
-2489
-1570
-3242
-18
-4384
-2668
-1926
-140
-4296
-2164
-3181
-4148
-2157
-4882
-4184
-722
-4254
-1760
-337
-3346
-1018
-4525
-1562
-4093
-1477
-1581
-685
-1499
-3468
-5000
-392
-869
-3347
-4363
-4327
-2671
-1727
-75
-4615
-1897
-1046
-941
-1207
-170
-4896
-2624
-1295
-3275
-1700
-4762
-2532
-1497
-108
191
-27
-110
-833
-436
-1850
-3237
-658
-1708
-3194
461
-3529
-4588
-913
-2068
-2866
-3161
-1441
-2803
-3302
-902
-4188
-4112
-1602
-2898
-2061
-220
-1798
-1425
-2943
-2621
-4074
-1836
-1933
-1551
-2675
-4571
-1322
-3486
-1126
-4969
-1368
-3288
-4385
-2628
-2829
-2
-1124
-2081
-4302
-2321
-2315
-2446
-2404
-1640
-3800
-2164
-2590
-1718
-680
-1592
-2045
-1713
-3493
-1970
-1319
-756
-1032
-4077
-3191
-4791
-3260
-1112
-3887
23
-3436
-2756
238
-599
-3329
382
-4209
-186
-2830
-324
-3284
-2938
-2803
-3365
-321
-4117
-4801
79
-269
-2036
-292
-2636
-31
-3387
-2697
-1286
-2586
-2048
-2843
-1225
-1344
-989
-3247
-4160
-3057
232
-3921
-3623
-4053
-4432
-4990
-1381
-8
-2264
-4686
-3086
-1945
-2630
195
-2240
-1522
-2420
-1893
-4170
-2125
-4710
-2083
426
23
-2489
-2640
-3338
-2286
-2681
-3856
-806
-3099
-393
360
-1235
-1262
-91
160
-2846
-2258
-829
-1839
-182
-3521
-2889
-4912
-619
-3589
-4409
-4553
-3281
-870
-2394
-1681
-1368
-3541
-1638
-3551
-4231
-4022
-1951
-1094
-3672
-4784
-354
-2035
-3591
-2162
-1154
-495
-3430
-1443
-3732
-4006
-105
-2750
-1553
-3177
-4988
-2171
-2839
-1058
-2226
-4429
-1249
-4338
-2180
-1824
-3585
-1426
-3880
-4135
56
69
-1402
-1688
26
-4237
-4769
-1395
-2443
-1251
-554
-2485
-82
-3877
-4416
-2085
-648
-957
-2574
-4979
-217
-4376
-1286
-2091
-2733
-2144
-4875
-346
-3078
-2614
-1344
-4663
-1868
-4196
-3561
-2507
400
-386
-4713
-3910
-4838
-2494
-4941
-2263
-1833
236
-344
-1713
-1357
-3312
409
-4366
-1865
-4316
-521
-4544
-1076
-2255
-1710
29
-4382
-3659
-383
-3357
-2407
-494
362
-4770
-2105
199
-2138
-2437
-4706
-4344
-1544
-1300
-4537
-4865
364
-1488
-4620
-3126
-1567
-4044
-4131
-1667
-2562
145
-103
-3180
-4737
-3620
-2923
-4053
-1218
-2973
-3443
-3558
-2129
-243
-2562
-629
-2876
-4482
362
-4747
-458
-860
-3656
-1560
-1601
-3757
215
-1517
-63
-4466
-3430
-1682
105
-27
-736
-4381
-586
-2311
-211
-1425
-4753
-4151
-4883
-3940
-2639
-1207
-398
-3405
-2745
-1378
-1508
-2274
-3851
-3640
-1213
-934
-4752
-4053
-3879
423
-4787
-2024
-3014
-3864
-3224
-470
-3322
-1536
-2729
352
-4024
-2547
-2755
-1696
-602
-1039
-3192
217
-3635
-3780
-713
-3566
-3271
134
-354
-3024
-4899
-2862
-3820
-2008
-35
-1784
-2699
-4469
128
-6
-4717
423
-921
-3706
-587
-3377
-3208
-2128
-580
-4189
-2930
-3366
52
213
406
-4883
-1691
-2268
298
-801
-1787
-2374
-3511
-728
-280
-47
327
-4402
-2839
-3637
-3608
-1657
-3998
-1931
-4540
-1060
383
-4642
-1290
-4025
-4902
291
-983
-1648
-1141
-1993
-2309
-2
-3776
-695
-3675
-434
-2508
-2877
-4260
-2380
-610
-1773
-4483
-4005
-415
-2907
-1086
-4504
-259
-886
-3690
-4227
-1862
-3276
-4243
-740
-4703
-1525
-40
-3792
-2037
-4888
-4353
-2420
-4502
-499
-833
-2448
-1767
-1355
-1265
-4962
-4403
-4573
-2975
-3534
-1576
-4788
-1836
-2874
-1805
-869
-3153
-854
-934
-4424
-3330
446
-4833
-2332
-3875
-3657
-245
-1632
-1528
-1316
-984
-2746
-4290
-230
-3822
-3379
-4144
-3050
-3944
-4447
-2331
-2426
-276
-3727
-1989
-4630
-1300
-1807
327
-2504
-2022
-4655
-1114
-1114
-3918
-962
-1746
-1858
-2952
-2578
-254
-1147
-642
-4590
-3427
-3785
63
-1303
-4256
-161
288
-3944
-2055
-3765
-9
-939
-4000
-581
-4923
403
-2005
-887
-350
-1534
-167
-4339
378
-133
-3257
-3430
-554
-423
-2128
-1572
-2297
-4178
-1137
-3693
485
-568
-3047
-726
-3388
-4448
-346
-228
-4918
150
-2619
-12
-3512
-3431
403
-2154
-849
-156
-3110
-2950
70
-4832
-1124
-610
-363
-2957
-3399
-4076
-480
359
-1635
-1809
-3125
-2135
-1710
-1164
-2945
-3366
-1795
-2393
-1586
-4986
-954
-4514
-66
-3897
-4882
-1883
-1493
-3708
-3036
-3429
-27
-3610
84
91
-3218
-2265
-3745
-918
-916
-2690
-3221
-1098
-3480
-4456
-3019
-2802
-1926
-4181
-2201
-927
-4066
65
-619
232
-1754
-1899
-3725
-2969
-3486
-1070
-4468
314
-1692
-665
-1449
-1537
-4383
-4016
-3044
-784
-2986
-4193
-3678
-4753
-4040
-676
-3985
-3754
-4978
-1512
-3055
-4690
-1141
-2647
127
-1264
-3235
193
228
-4235
-940
-65
-4757
-4618
-609
246
-3766
-1070
-18
-889
-3319
-3097
-1909
-2610
-2546
-4623
-1843
-283
-2818
-2493
-279
-2665
-2827
-1089
-2600
-444
-1604
-507
-552
-1255
-911
-2531
-4972
-1880
-3545
-1846
-1307
-4368
-215
-35
-835
-51
-3418
-4748
-2194
235
-2901
-3531
-4713
-1748
-788
-603
-4411
-2215
36
-4476
-3777
-3268
-3150
-2777
-1666
-1595
-3372
-166
-3734
-4536
496
-3068
-1687
-2482
-686
-630
-1240
-1936
230
117
-795
-4489
-1420
-4078
466
-1471
-3936
-1006
-3097
-4120
-3362
-1371
-1408
-1278
-710
-3693
-1492
-4215
-2930
-3699
-3841
159
-375
-479
-2126
-3220
-3982
-2648
-3700
-4593
-1102
-4833
-3630
-381
-1831
-2518
-3418
-4630
-2973
-3787
-2320
-918
-177
-3477
-3825
-4350
477
-240
-1274
-774
-1045
-2903
-4308
-2300
-2570
-2753
-295
-832
-659
-641
-3952
-1146
-4399
-1828
324
-3092
-3840
-1572
-2987
-25
-318
-2323
-4530
-3999
-3611
-1632
-2324
491
-1053
-1352
-2661
-2294
134
-4925
-3614
-2258
-3740
-1331
-988
-433
-1846
-3752
204
-995
-1002
-3350
-1798
-4253
-2369
-3102
465
-4073
-1611
-836
-827
-698
-2738
-1248
270
339
-1839
-2832
-4547
-3953
-312
-1180
-1462
-168
-2988
143
-1986
-2231
-1220
-3169
14
-4170
-2511
-1197
-3481
-4396
-2505
-9
-1744
-3171
-985
-4315
-3622
-3718
-1160
-479
-1916
-3830
-4436
-1758
-2265
-1862
-2874
-4343
-1298
-2185
-1124
-4434
-2941
385
-3297
-1329
-4350
-4446
-4321
182
427
-2863
-400
-1319
-4814
-926
-212
-1760
-2060
-1867
-2324
-3389
-1380
-57
-806
-971
-4458
-3014
-487
-3455
-3904
229
-3222
-118
-988
-1235
-426
-4773
-4121
-864
19
251
-4256
205
-159
-4671
430
71
-1496
-4516
-1206
-4
492
-2185
-1678
-2015
-1840
-2810
-2798
-649
-1868
-1852
-567
-2784
-2010
-940
-2772
-2421
-4837
-2401
-2526
-2364
-4011
-1280
-348
-4104
-4741
-1856
-2816
-4514
-54
-2514
-4848
-278
-4903
425
-2054
-2517
-2818
-3882
-2295
-2071
-2649
-1621
-4365
-4501
-4930
-1498
-3020
-3785
-1690
-3655
-2847
-600
-547
-122
-1622
-685
-1638
-3847
-935
-4351
-4319
-1169
-226
-1080
-1804
-3613
-4430
-3824
-889
-894
-612
-3143
-1602
-3382
-3059
-3500
-3055
-2298
288
-1026
-3610
-65
-2319
-4218
-2052
-4003
-2930
-1762
-1620
-2122
-3057
-1888
-3371
-1414
-139
407
-2605
-3368
-3673
-1396
-709
-2292
-4300
-1346
-1466
-3051
166
-2539
-3098
-1116
-2775
-3347
-2394
-2137
-617
-3352
-4870
-2662
-1250
-2621
-935
-4201
-1757
-3000
-3803
-186
-4753
-4871
-2987
-1959
237
-1379
-2797
-4117
-399
-1283
-1394
-3501
-1710
-1844
-2963
-1714
-37
-4709
-44
-1163
-3861
-4350
-4996
-2768
-757
-3577
-1915
-621
-826
-4463
308
-4834
-2745
-198
-2644
-194
-3209
-37
-1969
-1446
-1545
-2375
-2940
-623
-20
-4458
-3303
-1754
-253
-2501
-4047
-1555
-4321
356
-793
-4569
-1931
-862
22
-3910
-882
496
-3809
-3094
-1577
-316
-1982
-1345
-466
-4682
-523
-3192
-4295
-967
-3986
-467
-2346
408
-2648
-900
-3196
-4589
-1393
-3390
-3331
-1261
-3101
-1232
-2895
-1131
-2711
-2178
118
450
-3015
-3405
356
-3396
-3579
-4021
-60
285
-1596
-3738
-2201
-1796
50
-2684
-2114
-1193
-686
-4128
-3395
-4224
-3000
-2538
-3447
-3459
-3623
-3423
21
-3132
-3190
-1282
-195
-3090
-1410
-34
-920
-3240
-2706
-4059
-4200
-126
443
-2753
-1865
484
-214
29
-1119
-2078
-4761
-401
-4495
-3491
-4832
-680
-295
-8
-1897
-4276
-1165
-4542
-4209
117
-2949
-463
-2664
-1081
-453
-4826
-3615
-4512
-2888
-2529
-2458
-4448
-1937
-2440
-3227
-1173
-3669
-1139
-842
-1772
-2884
-3788
-4943
-3768
-2257
-4855
-3524
-2799
258
-2460
-1212
-1607
-3896
-3808
-4262
-1662
-2955
-2009
-4966
-1857
-2473
-2838
72
-4053
-4018
64
53
-1505
-2522
-2045
-2998
-1227
-1142
-1472
-881
-2382
-3608
-61
262
-1799
-2404
-286
-1986
-500
-1273
-4297
-3926
-3529
-3620
-4267
-2139
-476
-4848
-3883
-3251
-3057
-3044
-4342
-4012
-4935
-2259
-3999
-3434
-2039
-3477
-2127
-294
-1398
150
-1446
-1931
-3275
278
-536
-4197
-2861
-4365
-1581
-2313
-1259
-92
-2974
-164
-3067
-1506
383
-111
-1316
-1760
-3751
-1985
-502
-313
-495
-4840
-2716
-2418
-4608
-4242
-3495
-4055
-2197
-4842
-1084
-1662
-855
-4979
-1641
-306
-4612
339
-1734
-4861
-1865
-3400
-3763
-3419
-878
-758
-4777
402
-2546
-2630
249
-1936
355
-3100
-2543
-3077
-4314
-2406
228
-4922
-3024
-2430
-2459
-2655
-3423
-1329
-611
155
-4498
-2955
-1777
-783
-880
-837
-2813
-1152
-1348
-2091
-2833
-3312
-4803
-3671
385
-3489
378
-2344
-2927
-2911
-2946
-834
-1315
-44
-2095
-4150
-3027
-1107
-2893
-2968
-727
-454
-4527
-2697
-3209
-1494
-4462
-1665
-3098
-4086
-406
-2020
-1078
-1183
-4249
79
-3897
499
-837
-274
-1210
-3510
-2275
-4740
-1141
-379
-2112
121
-4843
-1247
-1776
-1107
-2946
-4307
-3763
-4238
-248
-4435
-4820
-1254
-3063
-43
-2426
-3747
-610
-2672
-886
-2078
-2770
-3019
-3128
-2658
-2558
-2504
-4273
-3527
-4399
-786
-2253
-1939
-1622
-3042
-269
-3321
-4094
383
-4611
-4752
-650
-3010
-4823
-4515
-3982
-1742
-1181
-2095
-2073
-1089
42
-1692
-696
-3000
-1684
-3333
332
-717
-887
-1011
-3345
-4568
-1623
-1116
-118
-3269
-1597
19
-902
-3356
-3793
60
-2876
-1079
-419
-3591
387
-364
-1571
-1160
-2278
486
-4108
-1738
-3305
-784
-186
-4911
-1589
-4571
-2143
-3959
-2809
251
21
-1321
-4893
-120
-1371
-4819
184
-744
-334
-1019
-2465
-4552
-974
-2106
-2163
-3428
-4823
-3563
-399
-3000
-1747
-2458
-2838
-960
-2922
-2010
-966
-1990
-4361
-3055
-3850
121
-938
-3411
-55
-2404
-536
-2171
-2095
-1851
-4221
-4774
-2515
-416
-3600
-1342
393
-4643
-612
-4375
-735
-1775
-4841
-892
-688
-4057
-4538
-2044
135
-3466
-1401
-1874
-3040
-869
-4915
-2323
-4920
-1824
-2203
-1833
-4950
-184
-2182
-152
-4031
26
-1004
-1987
-2380
-2807
-2872
-2019
-3539
-992
-4070
-2601
-4921
-3588
-2629
-3377
-84
460
-487
-3981
-445
-2831
-2857
-3893
21
-2491
-1945
-908
339
-3783
-2185
-3653
-3590
-196
-182
-4313
-2836
-4164
-4524
-2189
-91
-2075
-1770
-208
-2433
-4188
-4854
-3490
-3822
-104
-4769
-2048
-4424
-3513
-2968
-3962
-3629
-2319
-3082
-3249
-4102
-64
-607
-2595
-2880
-1080
-1885
-4694
-590
-4112
-2175
-2999
-4104
-3298
-3229
-3135
-2960
-3388
-2251
-44
-382
-886
-1636
-216
-4073
-3535
373
-1201
-1519
403
-3041
-3527
-4629
-1691
-3707
-434
-4959
-3972
-1792
-4127
-3235
-2205
-449
-4097
-236
-3562
-3573
-839
-2700
-2323
-2458
-3624
-3492
-3309
-1728
-1700
-1227
-228
-3900
-1082
-1318
-4011
384
-2733
-4960
349
-3254
-3876
-1634
-1501
-2290
-3777
-321
-4858
-4401
181
-3269
-3546
-3363
-3005
-1502
-3916
125
-3579
-2016
-2613
-2170
-636
-2363
-3379
-2834
-2104
-2357
-387
-4225
-3747
-3557
-4872
-906
-2060
-3224
-698
-3767
-2907
-1729
-2398
-3182
-966
-383
309
-4190
-2909
-3176
252
-4584
-2789
-1120
-1428
-4815
-1562
-894
-1425
-4605
-2031
-3634
340
-3398
-663
-3346
114
-3806
-4241
-3820
-155
-4365
-3581
-1025
-2277
-4136
-4359
-4227
-1157
-2391
-4801
-1005
-3820
-2144
-4378
74
-3552
-2044
-3523
-4283
-32
-4115
-1030
-3730
-140
-2671
-625
-1737
-3240
-45
-63
-2362
-3473
-3600
-1485
-983
-76
-981
-1161
-851
16
-2503
-2726
337
-1713
-428
110
-3731
-3911
-2024
-1501
-2652
-928
-1162
-1288
-2439
-1834
-2963
-2016
-4171
-4916
-2939
-4778
331
-3312
-1297
-2260
-387
-4648
-3160
-2507
-17
-534
-405
-2863
-822
-921
-1557
150
-4177
-3656
-1989
-51
-1602
-2656
-4669
-1135
-1105
-3781
323
-1928
-4387
-1394
-4339
-129
-4660
-3896
-191
-1774
-791
-3178
-585
-2930
-1885
-3140
-4778
-2771
-3183
-4346
-891
-1799
-399
74
-2862
-2106
-1414
-2629
-1322
-2793
-4138
214
-1175
-579
-923
-4653
-2348
-4553
-3284
-2311
-1145
-1571
471
-4959
-201
-3920
-2564
-1838
9
-1644
387
-504
-3812
-1793
-4380
-2586
-1572
-4479
-2963
-4184
-4780
-428
-1075
-2197
115
-3496
-4554
-3026
-4053
-3802
-1137
-3726
-1821
-3856
-486
-2908
-1739
-2316
-2993
-1442
-4810
-2830
-137
-126
-2922
-2455
-4294
3
-4227
-4110
-4917
-2319
-1097
-2739
-3746
230
-4700
-1539
-3307
-4511
-4646
-2083
-4099
-756
-1191
-2182
-2978
425
-26
-83
-109
-939
-2280
-1491
-1327
-2158
-2042
-1302
-1474
-153
-3725
-1197
-3205
-2798
-894
-2496
-2268
-3998
-1270
-3688
-1519
-1085
-2166
-2715
-3954
-902
-1951
-560
-480
-753
-4164
216
324
-509
-2756
-2541
-3335
-3778
219
-3389
-1523
-2441
-3141
-3405
-1259
-1987
-3325
-1024
197
-2457
-1837
-893
-750
-4749
-3993
-4249
-297
-4241
-1977
-206
-2839
-1734
-3882
-1890
-596
-1
-2328
-4550
-3241
-4429
-3176
-1526
-1603
-4431
-3803
-2706
30
-1088
-3524
-1106
-340
-3865
-1972
-4165
-4137
-1690
-3126
-366
-79
-4927
-2557
-4162
-2330
243
368
-4622
-2152
322
-3162
109
-3877
-2119
-1810
-3917
-1047
-376
-849
-3876
-4758
-1207
334
-3013
-1415
-1242
-4312
-4189
-168
-1162
-1970
-1736
-1951
-2404
-4455
-2560
-600
-4668
-3849
-2599
-3538
-612
-2504
-4992
-1768
-3531
-1140
330
-1633
-2491
-4474
137
-1162
-1545
-1108
-3290
-118
-800
-1324
151
-3231
-3419
-1459
-379
-2314
-4297
-1667
-4260
-2181
-4598
-4990
-432
-366
-3382
-1017
-1853
-1609
-4735
-3245
-4563
-414
6
-2894
-3848
-2869
-712
-2133
332
-2414
-4222
-1251
-2610
-4632
-1400
-4639
-2627
279
-3185
-2568
-1346
-2064
-4903
-2194
-4305
-1597
-4865
-2487
-1614
-4731
-4667
-2935
-443
-2348
-4912
-1014
-139
-1391
-1717
-4532
-1554
43
-4506
-1164
-2712
-297
4
-4661
-4019
-3844
-444
-195
-1676
-2215
-2921
-16
-4990
-199
-2565
-1900
-2764
-1385
-1740
-2568
-544
-4909
-1619
-1010
139
-990
81
-657
-525
-4233
-1694
-3221
-3162
-3425
-880
395
-3026
-2045
-2094
-1735
-1342
163
-3583
-1885
-3
-2227
-409
-3256
-3173
-643
-592
-1501
-100
-326
-486
426
-1804
-2698
-3009
-1641
-3618
-1757
-4210
-832
-14
-4260
-3261
-2933
-2753
-4953
-1265
-650
-478
-4297
-1900
-4394
-1804
-201
-549
-757
-543
-2495
-1652
-3928
-1839
-3758
-1380
-238
-4354
-3108
-4856
-2429
244
-1600
-4546
-2214
-4384
-3205
-1245
-4927
-1275
-1258
-4703
-187
-2219
-2932
-708
386
-1492
-2672
-1651
-2396
-1278
-3802
-2137
-3246
-1924
-3075
-2494
-4723
-4594
-553
-2728
-1363
94
-1088
-86
-821
-2590
-3531
-1823
-4659
-4575
-3107
-2486
-4374
-2721
-3638
-377
-4784
-3731
-2957
-1936
-677
-1655
-3450
-1602
-4885
-863
-2181
-608
-74
-3173
-1223
-3683
-3874
-820
93
-3645
-500
-3085
-3001
-2131
-4985
-3475
88
-3645
-1204
-3343
-811
-1828
-4235
-4387
-3734
-2922
-4551
-748
-2234
-4394
-3575
-1897
-2522
-3206
-607
-1838
-132
-3170
-4562
-1554
-2657
-4529
-3604
-3101
-4431
-348
-4295
-1520
-1523
-53
-838
-4441
-3080
-4033
-3494
-2510
-1648
-2348
-681
-4184
-4094
-3509
-2942
-1127
-3800
-1091
-4628
-707
-3166
-2085
-4052
-1326
-2547
-4664
-1230
-1424
-2152
-2313
-3977
-2541
-4899
-4197
361
-2025
261
282
-1205
258
-128
-2133
-4800
-762
-2593
-2757
-2139
-2301
-3271
-3682
-4660
-4219
-602
-2387
-3537
-4369
-1591
-4331
-2559
-348
-3669
-852
-4816
-1039
-635
-1855
-2363
-2441
-909
-106
-1723
212
-334
-88
-3668
-1549
-4830
-3417
-1783
-3267
-4119
-1828
-2152
-114
-2580
-793
-4517
-2726
-1411
-4355
-1770
-1
-1557
-2851
-2641
-465
-1139
-1977
-2117
-3453
-4755
-4707
-3240
-3044
-4015
-216
-3761
132
-4030
-4715
-501
-291
-3973
-788
7
144
-4564
-4232
-3250
-618
-142
-2910
-3215
-4530
341
-1413
-2798
-4212
498
-454
-2298
-1983
-2903
-4459
-2072
-249
-1859
-2299
-3990
-4345
-1435
-2012
-1099
-4776
-2647
-961
-559
429
-3482
-509
-1685
-802
-1549
-1450
-1783
-4758
-300
-2696
-1855
-3282
-798
-2167
-140
-1647
-3287
-2163
-4239
-330
-4206
-1923
-2334
-829
-3821
-4908
-530
420
254
-3682
-4253
-339
-1668
-2506
228
-1651
-3326
-324
-1735
-2763
-4098
21
-3123
-2671
-364
-3424
-3648
-2876
-941
-2828
-1397
-4997
-1038
-2465
-36
-491
-4317
-1220
-3566
-1149
-3840
-3669
-2892
277
-433
-3559
-4133
-2044
441
10
-4650
-2917
-4933
43
-586
-309
-341
-941
-4181
-915
-1700
-4673
-3434
-1808
-600
-3445
-1240
-4338
-510
-681
-3666
278
-3528
-4200
-4610
-1140
-4620
-3386
-4191
-2039
-3554
-3300
-3354
-3981
-3899
-4555
-694
-4369
-918
-3710
-4800
116
-795
241
-1005
-2479
-250
-1109
186
-2246
-2281
-830
-3098
-2545
-1683
-3384
-1245
-3864
-1697
-1399
-1253
-726
-1783
-2015
-1901
-3822
-3677
-2036
-3309
-1291
-236
230
-143
-3634
-2411
-788
-2815
-255
-1997
-1174
-755
-802
-2597
224
-1009
-1945
-3170
-3582
-4037
-3139
-2821
-1283
-80
-3550
-2757
-2339
-669
422
-174
-3467
-223
-4020
-3241
-4170
-4146
-2024
-2006
-3844
-1360
-792
-548
-1667
-2229
-2404
-3084
-577
-1755
-3332
-1014
-372
-2022
-4761
-222
-4931
-1624
-3804
-3108
-1817
-3569
-3779
-2680
106
-1671
-867
-2111
-1381
-1664
269
-2255
-1837
407
-257
-4662
202
-1631
-3426
472
-287
-4746
-2054
-1850
89
-2104
-4740
431
418
457
-4854
-4086
-1297
-2608
-571
-2908
-3225
-2155
-2703
-4114
-3241
-4888
-3745
-1570
-412
-1698
-1789
-3798
-3524
-4087
-752
-3704
-553
426
-603
-2634
-356
-3040
-3317
-1349
-2679
-756
-2031
8
-44
-673
-119
-3132
-3763
-4486
-2726
-239
-982
-4794
-994
-2634
112
-1804
-888
-4834
-2904
-2140
-3502
-843
-2149
-3565
-1934
-2774
-1664
-3911
-3633
-4361
-4877
-3314
-4289
-4458
-1246
-1244
-2204
-2978
-2300
-1497
-3970
-2340
61
-3403
-4574
-1859
-4745
-1546
-4864
-3114
-4800
-2882
-3967
-3234
-3916
-4961
-2791
-4408
-2943
-534
-4785
-2736
-2112
-4878
-4388
-991
-905
484
-1595
-3726
-2220
-4625
9
-55
331
-3983
-2141
-2649
-2206
-3791
-2637
-4019
-2416
-1825
-4083
-3806
-4181
-2154
-947
-363
-3663
-3724
-2030
-3077
-2370
-1600
-3997
123
-4695
-1805
-3323
-4904
369
-2426
-3407
-1406
-4920
-2323
-3261
-1391
-3525
-4304
450
-3343
-3965
-3051
-1500
-4126
-4214
-4261
-942
-2918
-4113
-264
-846
437
-3494
-4947
-2990
-1982
-100
-4323
-3100
-171
-1844
-1606
-2942
-2482
-1298
-2577
-1192
-791
325
-1678
-510
-3930
-1474
-1966
-4876
-4154
-2679
-3629
-1718
-722
-3937
-455
-4210
-3104
-3691
391
-1354
-294
-3616
-1079
-82
-2578
161
-2658
-2210
-674
-3740
-4580
-2712
-4851
-4674
-3373
-129
-4898
-3362
-3940
-715
-4480
-1271
-2455
-3180
-2622
-2315
-2323
-1787
-1201
-2587
-193
-1468
-2421
-4990
-507
-4884
-3632
-906
-4198
-2836
-1859
-4141
-2371
-3100
-1069
-4425
-2963
-3360
-4423
-3015
-3816
-1694
368
-3885
-995
-2492
-1153
-4303
-1774
-2183
-1594
-3374
-3430
184
-2663
-2843
-3121
-438
-2270
-4042
-3866
-4087
-2875
-888
-338
-4179
-4461
-3545
-1068
-2410
-4604
-307
-1095
467
-430
-273
-3537
-430
-4780
-3792
-3367
-4415
-3180
-2114
-62
-3718
-1160
-2052
-3663
-968
-1371
-1079
-4227
445
-3679
230
44
-4132
-969
-4294
-868
-2070
-3461
-4659
-1212
-4601
-234
-2688
-3247
-4495
-3966
-2281
-139
-4762
31
-2927
-2201
-3329
-2329
-3036
-3410
-1537
-3690
-4741
-2993
-4941
-2060
-1070
-1647
-1249
-4795
-1286
-2815
-201
-2851
-4192
-1854
-4397
-642
-4467
-3089
-4984
-3752
-104
-4760
-3461
-3642
-1961
-3960
-3655
-4840
-466
-3920
-3451
-2187
-4841
-1559
-3736
342
-2955
-869
-228
-212
-2531
-2079
345
-4628
-3693
148
-3393
-1984
-1923
-3693
-2775
-2089
-3459
-3215
-4781
-4263
-4596
-4277
-2489
30
-3306
-3873
-3050
-4319
381
-4981
-1639
-4162
-2901
-2839
-987
449
-2113
14
-3180
-560
-4728
-634
-3408
-2922
-376
-4665
-3934
-2620
-2467
-301
-3013
-3580
367
-4913
-2553
-1525
-837
-1475
-2934
-2550
-3392
-4396
-4572
-3413
-2199
310
-3095
-606
-4548
-2086
-757
-1361
-3100
-2308
-4133
-4291
-2450
-3074
-1926
483
-1934
-4199
-2073
-3308
-1621
-294
-490
-3426
-4044
-3950
-3320
-3410
-258
-845
-3511
-4962
-2932
-4951
-3547
-114
-2401
-1095
-4987
360
-4632
-2704
-2153
-658
-4051
-1313
-139
-1653
-1386
-759
-3845
-3942
-1363
-2702
-4985
-2836
-624
-3434
216
-4910
-3668
-4338
-3362
-455
-2795
-3920
-4992
-1186
-149
-2068
-1306
-3501
-4952
-3159
-836
-3852
-3148
-3213
-4607
-40
-2915
-1003
-1846
-3824
-1857
367
371
-1261
-3248
-4221
-4400
-4840
-2808
-2554
-3523
-3889
-4189
-1406
-3462
-2304
-1389
-3495
-2883
-1059
-40
-4743
-1002
320
99
-4909
-1856
-2425
-3858
-1299
-1849
-1882
-1788
-3766
-408
-3144
148
-2105
-3855
-2214
-1501
-1492
-1302
-1290
-3370
-3187
-2024
-4853
-619
-2354
-3528
-1679
-75
-3303
-4900
-4368
-239
-3166
-692
-2880
-747
-2950
-66
-165
-1295
-1433
-3962
-2270
-3474
-1894
-1456
-3096
-172
-2582
-2807
-1568
-3557
-1049
-1638
-3529
-2588
317
-1273
-3935
-937
-987
-1786
-3216
-2887
-2486
108
-1588
-2555
-4844
-214
-1257
275
-296
-3474
-602
-966
-4000
-1530
-1551
-2143
-4024
99
-1252
-4685
-664
142
-4125
-352
-176
-687
-3227
-3711
-2340
-1853
-1931
-2399
-894
-136
-4135
-3121
-1972
-3084
-3945
-2181
-4642
-4708
-2159
-3843
-4183
-4335
-3783
-1492
-2358
-4515
284
-196
-1202
392
-1205
-1083
-821
-4544
-2062
-4439
-4854
-3044
-625
-1945
-4782
-2042
-2788
-2831
-4622
423
-3320
-1068
-308
-4665
289
-3133
-4542
-2004
-2095
-2161
-3987
-2336
-4948
-610
-4498
-3992
-1128
-12
-2074
229
365
-4505
305
-4279
-230
-3643
-4161
-4510
-133
-1998
-2953
61
-4017
-377
-175
-2047
-2223
-2114
-2
-1955
-2331
-4285
-159
-428
-511
-687
-4715
-3100
-2071
-3277
-572
-1628
-3544
-1162
-3795
-583
-615
241
-3527
-1332
-3529
-2893
384
-4918
-838
-4632
397
-3489
-597
-1041
-4657
-1844
-2374
377
-994
-3208
366
-4535
-3458
-1091
-1785
-3227
-4113
-3378
-2462
-4080
-1459
-4054
-4358
-4117
-1410
-2220
-4216
-848
-2533
-1526
-1347
-3314
-2801
-3185
-570
-1932
-1812
-1089
-2630
-530
-4867
144
-2443
174
-368
-4296
-3823
-2468
-3018
-3066
-164
-4515
-1310
-4423
-2911
83
-4683
-2052
-3068
-19
-1253
-3713
-550
-1690
-3839
-3382
-2650
434
-1191
-540
-1193
-4104
-3204
213
258
-3646
-4399
-2716
-4881
-1067
-1540
37
-1802
257
-1523
-3688
-3274
-2949
-554
252
-310
-4475
-1033
-4716
-1071
-2686
-1145
-2114
432
-4522
-4718
-3699
17
-718
-3053
-4257
426
-259
-3516
-327
-6
-1018
-2213
-1745
-4805
-4345
-2196
-658
-2476
-886
-57
-4835
-1979
-4143
-875
-4022
-2239
-3698
-4131
-4675
-4244
10
-458
-3952
-200
-2281
-4540
-1313
-1735
-923
-272
-1598
-4230
-888
-3127
-1169
381
-4708
-4825
-1125
-900
-2904
-3250
-3407
-1156
-2549
-4421
-3591
-2005
-2090
24
-2393
-4081
-2086
-877
-4804
-2358
-4990
-2207
-2560
-133
-1734
427
-761
-2302
-4166
145
-3901
-654
-3932
-3431
18
-3285
-143
-912
-3187
-2789
-3718
-918
-2914
-1000
-368
-3027
-1529
-1867
145
-4948
-4200
-4262
-1226
-2803
-3546
-245
-1223
71
-1174
-392
-2950
489
-91
-2851
-1231
-4642
-2179
-1184
-408
-1879
-1671
-1213
-1559
-3281
-294
-2371
-2898
-4475
383
-96
-55
-4300
-3
-104
-3586
-3700
-2014
-1897
-4556
-4429
-2397
-4147
-1761
-2650
-1362
-3444
-3194
-4448
-1853
-2030
-1490
-2264
-1676
-4486
-1790
-3831
-3316
-3511
-109
-180
-2750
-3564
-3036
1
125
-4498
-2932
-4415
-2892
-624
-492
-3976
-1619
-2192
-1448
-14
253
-372
-308
-752
-417
-4281
-545
-982
-4132
-3829
-4126
